Date Cts +- State
55057.5 1.3184 0.0409 1
55058.5 1.0661 0.0398 1
55059.5 1.2034 0.0418 1
55060.5 1.3363 0.0386 1
55061.5 1.4884 0.0451 1
55062.5 1.5103 0.0466 1
55063.5 1.4732 0.0625 1
55064.5 1.4902 0.0482 1
55065.5 1.4368 0.1034 1
55066.5 1.2181 0.0295 1
55067.5 1.0528 0.0228 1
55068.5 1.1554 0.0242 1
55069.5 1.2216 0.0223 1
55070.5 1.2237 0.0215 1
55073.5 1.0956 0.0283 1
55074.5 1.2045 0.0231 1
55075.5 1.2963 0.0189 1
55076.5 1.3784 0.0185 1
55077.5 1.4438 0.0188 1
55078.5 1.2605 0.0201 1
55079.5 1.3899 0.0226 1
55080.5 1.3288 0.0188 1
55081.5 1.3785 0.0188 1
55082.5 1.2155 0.0188 1
55083.5 1.2634 0.0162 1
55084.5 1.2242 0.0164 1
55085.5 1.2727 0.0159 1
55086.5 1.3123 0.0159 1
55087.5 1.3203 0.0159 1
55088.5 1.2984 0.0161 1
55089.5 1.1603 0.0150 1
55090.5 1.1182 0.0148 1
55091.5 1.1212 0.0152 1
55092.5 1.1001 0.0154 1
55093.5 1.1978 0.0154 1
55094.5 1.0957 0.0151 1
55095.5 1.1117 0.0159 1
55096.5 1.1110 0.0736 1
55097.5 1.1069 0.0293 1
55098.5 1.2159 0.0330 1
55099.5 1.2268 0.0925 1
55100.5 1.3100 0.0254 1
55101.5 1.1066 0.0375 1
55102.5 1.2038 0.0441 1
55103.5 1.1364 0.0389 1
55104.5 1.1210 0.0397 1
55105.5 1.3496 0.0546 1
55106.5 0.9110 0.0524 1
55107.5 1.0157 0.0366 1
55108.5 1.0176 0.0430 1
55115.5 0.8172 0.1286 1
55136.5 1.0857 0.0465 1
55137.5 1.0803 0.0380 1
55138.5 0.9174 0.0342 1
55139.5 0.6941 0.0293 1
55140.5 0.7575 0.0310 1
55141.5 1.0846 0.0359 1
55142.5 0.8428 0.0308 1
55143.5 0.8893 0.0294 1
55144.5 0.7274 0.0276 1
55145.5 0.8112 0.0311 1
55146.5 0.8808 0.0280 1
55147.5 1.1402 0.0363 1
55148.5 1.2259 0.0259 1
55149.5 1.2983 0.0249 1
55150.5 1.1687 0.0325 1
55151.5 1.0000 0.0315 1
55152.5 1.3229 0.0217 1
55153.5 1.4162 0.0248 1
55154.5 1.6159 0.0272 1
55155.5 1.8412 0.0272 1
55156.5 1.1641 0.0225 1
55157.5 1.2050 0.0218 1
55158.5 1.2028 0.0217 1
55159.5 1.3674 0.0216 1
55160.5 1.2820 0.0206 1
55161.5 1.3466 0.0214 1
55162.5 1.2133 0.0178 1
55163.5 1.2280 0.0185 1
55164.5 1.2750 0.0204 1
55165.5 1.2624 0.0204 1
55166.5 1.3201 0.0215 1
55167.5 1.1026 0.0201 1
55168.5 0.8363 0.0181 1
55169.5 1.0965 0.0229 1
55170.5 1.3327 0.0300 1
55171.5 1.1989 0.0281 1
55172.5 1.0898 0.0336 1
55173.5 1.3117 0.0382 1
55174.5 1.3172 0.0370 1
55175.5 1.3318 0.0388 1
55176.5 1.3372 0.0379 1
55177.5 1.3713 0.0383 1
55178.5 1.4115 0.0388 1
55179.5 1.3317 0.0439 1
55187.5 1.5002 0.0995 1
55207.5 1.3118 0.0929 1
55208.5 1.2254 0.0402 1
55209.5 1.2609 0.0386 1
55210.5 1.2342 0.0383 1
55211.5 1.3093 0.0381 1
55212.5 1.5109 0.0382 1
55213.5 1.5669 0.0410 1
55214.5 1.2485 0.0318 1
55215.5 1.3079 0.0319 1
55216.5 1.4454 0.0378 1
55217.5 1.0492 0.0450 1
55218.5 1.1028 0.0238 1
55219.5 1.2428 0.0253 1
55220.5 1.3350 0.0249 1
55221.5 1.4368 0.0234 1
55222.5 1.5589 0.0220 1
55223.5 1.4917 0.0246 1
55224.5 1.7350 0.0295 1
55225.5 1.8282 0.0280 1
55226.5 1.6274 0.0197 1
55227.5 1.8033 0.0212 1
55228.5 1.5826 0.0195 1
55229.5 1.3296 0.0181 1
55230.5 1.3515 0.0183 1
55231.5 1.3974 0.0193 1
55232.5 1.4654 0.0192 1
55233.5 1.4391 0.0201 1
55234.5 1.4259 0.0205 1
55235.5 1.3828 0.0225 1
55236.5 1.5821 0.0236 1
55237.5 1.9487 0.0241 1
55238.5 1.7445 0.0234 1
55239.5 2.0503 0.0250 1
55240.5 1.5975 0.0234 1
55241.5 1.5834 0.0252 1
55242.5 1.9051 0.0296 1
55243.5 1.6495 0.0274 1
55244.5 1.5419 0.0246 1
55245.5 1.3779 0.0243 1
55246.5 1.2858 0.0252 1
55247.5 1.3494 0.0438 1
55248.5 1.4330 0.0441 1
55249.5 1.5917 0.0499 1
55276.5 1.2192 0.1213 1
55277.5 1.7436 0.0458 1
55278.5 1.2757 0.0388 1
55279.5 1.2325 0.0381 1
55280.5 1.0507 0.0362 1
55281.5 1.1529 0.0362 1
55282.5 1.2895 0.0381 1
55283.5 1.3840 0.0377 1
55284.5 1.3554 0.0363 1
55285.5 1.2082 0.0371 1
55286.5 1.4016 0.0383 1
55287.5 1.3038 0.0345 1
55288.5 1.2790 0.0275 1
55289.5 1.0928 0.0251 1
55290.5 1.0445 0.0229 1
55291.5 0.9933 0.0203 1
55292.5 1.0547 0.0204 1
55293.5 1.0378 0.0273 1
55294.5 0.9218 0.0246 1
55295.5 1.0256 0.0244 1
55296.5 1.0984 0.0232 1
55297.5 1.2490 0.0233 1
55298.5 1.4909 0.0245 1
55299.5 1.3707 0.0238 1
55300.5 1.3070 0.0226 1
55301.5 1.1637 0.0214 1
55302.5 1.1890 0.0216 1
55303.5 1.1564 0.0197 1
55304.5 1.1812 0.0205 1
55305.5 1.3524 0.0211 1
55306.5 1.4193 0.0225 1
55307.5 1.1372 0.0219 1
55308.5 1.2193 0.0240 1
55309.5 1.0749 0.0264 1
55310.5 0.9975 0.0359 1
55311.5 1.0839 0.0282 1
55312.5 1.1230 0.0365 1
55313.5 0.9630 0.0349 1
55314.5 1.1747 0.0371 1
55315.5 1.2168 0.0388 1
55316.5 1.5929 0.0429 1
55317.5 1.7633 0.0466 1
55318.5 1.3300 0.0417 1
55319.5 1.2577 0.0460 1
55342.5 0.3772 0.0377 1
55346.5 1.4056 0.0549 1
55347.5 1.2407 0.0373 1
55348.5 1.3664 0.0382 1
55349.5 1.8326 0.0429 1
55350.5 1.5537 0.0402 1
55351.5 1.3089 0.0366 1
55352.5 1.5398 0.0503 1
55353.5 1.3047 0.0468 1
55354.5 1.3594 0.0335 1
55355.5 1.3301 0.0335 1
55356.5 1.2123 0.0371 1
55357.5 1.1601 0.0330 1
55358.5 1.0184 0.0245 1
55359.5 1.0712 0.0230 1
55360.5 1.0968 0.0235 1
55361.5 1.1985 0.0218 1
55362.5 1.2021 0.0197 1
55363.5 1.2275 0.0198 1
55364.5 1.0216 0.0190 1
55365.5 1.0735 0.0177 1
55366.5 1.0951 0.0173 1
55367.5 1.0024 0.0161 1
55368.5 1.2510 0.0183 1
55369.5 1.3167 0.0181 1
55370.5 1.3588 0.0183 1
55371.5 1.4153 0.0194 1
55372.5 1.7805 0.0208 1
55373.5 1.6070 0.0220 1
55374.5 1.9310 0.0262 1
55375.5 1.3380 0.0212 1
55376.5 1.5124 0.0236 1
55377.5 2.4043 0.0292 1
55378.5 4.0176 0.0400 0
55379.5 3.1200 0.0343 0
55380.5 2.8162 0.0608 0
55381.5 2.6848 0.0357 0
55382.5 2.5534 0.0350 0
55383.5 3.6688 0.0638 0
55384.5 2.7762 0.0551 0
55385.5 2.9628 0.0596 0
55386.5 2.3734 0.0512 0
55387.5 3.1742 0.0598 0
55388.5 2.5307 0.0542 0
55389.5 3.1490 0.0633 0
55390.5 2.2288 0.2056 0
55416.5 2.5752 0.1093 0
55417.5 2.6983 0.0574 0
55418.5 2.2297 0.0491 0
55419.5 2.6921 0.0543 0
55420.5 2.1664 0.0473 0
55421.5 2.9394 0.0549 0
55422.5 3.1357 0.0556 0
55423.5 4.0572 0.0613 0
55424.5 2.9511 0.0483 0
55425.5 3.2237 0.0496 0
55426.5 3.2466 0.0573 0
55427.5 2.5273 0.0758 0
55428.5 2.7909 0.0400 0
55429.5 2.4539 0.0332 0
55430.5 1.9713 0.0342 0
55431.5 2.6151 0.0384 0
55432.5 2.3050 0.0291 0
55433.5 2.3378 0.0257 0
55434.5 1.9739 0.0246 0
55435.5 2.3198 0.0255 0
55436.5 2.7286 0.0262 0
55437.5 2.9029 0.0260 0
55438.5 2.1118 0.0234 0
55439.5 2.1284 0.0228 0
55440.5 1.7593 0.0208 0
55441.5 2.5147 0.0254 0
55442.5 2.1447 0.0229 0
55443.5 2.1220 0.0237 0
55444.5 2.3730 0.0260 0
55445.5 2.9041 0.0308 0
55446.5 2.4928 0.0291 0
55447.5 2.4543 0.0295 0
55448.5 2.5256 0.0321 0
55449.5 2.3266 0.0306 0
55450.5 2.9085 0.0391 0
55451.5 2.9218 0.0567 0
55452.5 2.4377 0.0346 0
55453.5 2.8015 0.0524 0
55454.5 2.2550 0.0520 0
55455.5 2.1526 0.0513 0
55456.5 2.1540 0.0504 0
55457.5 2.3989 0.0523 0
55458.5 2.2537 0.0528 0
55459.5 2.2918 0.0538 0
55460.5 2.2684 0.0871 0
55478.5 2.1333 0.1173 0
55479.5 2.0599 0.1563 0
55482.5 1.8459 0.0465 0
55487.5 2.1129 0.0559 0
55488.5 1.9133 0.0467 0
55489.5 2.3338 0.0513 0
55490.5 1.9615 0.0455 0
55491.5 2.1145 0.0488 0
55492.5 2.4384 0.0490 0
55493.5 2.0549 0.0440 0
55494.5 2.1818 0.0401 0
55495.5 1.9867 0.0391 0
55496.5 1.4668 0.0421 0
55497.5 2.0269 0.0390 0
55498.5 2.2055 0.0479 0
55499.5 1.8130 0.0303 0
55500.5 2.6373 0.0372 0
55501.5 2.5421 0.0344 0
55502.5 2.9292 0.0338 0
55503.5 2.4793 0.0279 0
55504.5 2.4071 0.0270 0
55505.5 2.9301 0.0281 0
55506.5 2.6612 0.0259 0
55507.5 2.0230 0.0231 0
55508.5 2.6959 0.0252 0
55509.5 2.2281 0.0231 0
55510.5 2.2459 0.0233 0
55511.5 2.1891 0.0238 0
55512.5 2.3743 0.0239 0
55513.5 2.5521 0.0281 0
55514.5 1.5484 0.0255 0
55515.5 1.5796 0.0279 0
55516.5 1.5965 0.0290 0
55517.5 1.7077 0.0333 0
55518.5 1.4835 0.0302 0
55519.5 2.4251 0.0330 0
55520.5 1.9099 0.0325 0
55521.5 2.0718 0.0452 0
55522.5 1.9098 0.0348 0
55523.5 2.4064 0.0446 0
55524.5 2.6280 0.0526 0
55525.5 2.3942 0.0558 0
55526.5 2.2980 0.0520 0
55527.5 1.8726 0.0449 0
55528.5 2.0622 0.0465 0
55529.5 2.8496 0.0580 0
55530.5 3.5036 0.0675 0
55547.5 1.7570 0.0722 0
55562.5 1.7440 0.0545 0
55563.5 2.7772 0.0498 0
55564.5 3.1222 0.0537 0
55565.5 1.9568 0.0395 0
55566.5 2.2753 0.0502 0
55567.5 2.5646 0.0498 0
55568.5 2.2949 0.0592 0
55569.5 2.7757 0.0465 0
55570.5 2.8022 0.0389 0
55571.5 1.7826 0.0327 0
55572.5 1.8538 0.0347 0
55573.5 2.4225 0.0349 0
55574.5 3.2500 0.0362 0
55575.5 1.9263 0.0251 0
55576.5 2.2880 0.0254 0
55577.5 2.4324 0.0251 0
55578.5 3.0125 0.0350 0
55579.5 2.4690 0.0348 0
55580.5 2.7912 0.0288 0
55581.5 3.0266 0.0268 0
55582.5 2.0152 0.0225 0
55583.5 2.6891 0.0265 0
55584.5 2.2598 0.0245 0
55585.5 2.1369 0.0258 0
55586.5 2.0830 0.0260 0
55587.5 2.1487 0.0280 0
55588.5 2.0482 0.0288 0
55589.5 2.4056 0.0293 0
55590.5 2.6351 0.0410 0
55591.5 2.7741 0.0532 0
55592.5 2.5048 0.0437 0
55593.5 3.2184 0.0542 0
55594.5 2.7732 0.0555 0
55595.5 2.0473 0.0472 0
55596.5 2.1030 0.0475 0
55597.5 2.7159 0.0565 0
55598.5 2.2331 0.0504 0
55599.5 2.3199 0.0511 0
55600.5 2.1884 0.0518 0
55601.5 2.9791 0.1636 0
55622.5 2.5844 0.0870 0
55623.5 2.4082 0.0552 0
55624.5 2.2877 0.0394 0
55625.5 2.6635 0.0428 0
55626.5 2.7252 0.0411 0
55627.5 2.6341 0.0490 0
55628.5 2.2047 0.0540 0
55629.5 1.9180 0.1081 0
55632.5 2.0369 0.1063 0
55633.5 1.8059 0.0436 0
55634.5 2.1901 0.0467 0
55635.5 2.0842 0.0445 0
55636.5 1.5190 0.0414 0
55637.5 1.8109 0.0395 0
55638.5 1.6800 0.0491 0
55639.5 2.0080 0.0379 0
55640.5 2.0186 0.0348 0
55641.5 1.6266 0.0309 0
55642.5 1.4045 0.0289 0
55643.5 1.7469 0.0292 0
55644.5 1.5224 0.0257 0
55645.5 1.5943 0.0250 0
55646.5 1.8895 0.0267 0
55647.5 2.3506 0.0282 0
55648.5 2.1974 0.0273 0
55649.5 2.0112 0.0254 0
55650.5 1.7369 0.0238 0
55651.5 2.3160 0.0280 0
55652.5 3.0247 0.0308 0
55653.5 2.3599 0.0277 0
55654.5 1.7500 0.0212 0
55655.5 2.2870 0.0256 0
55656.5 2.1037 0.0248 0
55657.5 2.1355 0.0281 0
55658.5 2.4292 0.0294 0
55659.5 2.2173 0.0290 0
55660.5 1.9180 0.0279 0
55661.5 1.4195 0.0277 0
55662.5 2.3433 0.0540 0
55663.5 2.2164 0.0344 0
55664.5 2.9464 0.0569 0
55665.5 2.5672 0.0563 0
55666.5 2.4916 0.0519 0
55667.5 2.2823 0.0505 0
55669.5 2.8025 0.1548 0
55670.5 2.7536 0.2170 0
55671.5 2.2215 0.0766 0
55673.5 1.9999 0.0874 0
55680.5 1.7146 0.1049 0
55697.5 1.4958 0.0865 0
55698.5 1.5519 0.0435 1
55699.5 1.4820 0.0319 1
55700.5 1.2181 0.0239 1
55701.5 1.3399 0.0249 1
55702.5 1.3311 0.0250 1
55703.5 1.7146 0.0291 1
55704.5 1.7221 0.0328 1
55705.5 1.3909 0.0297 1
55706.5 1.5936 0.0290 1
55707.5 1.8561 0.0333 1
55708.5 1.2537 0.0281 1
55709.5 1.1878 0.0581 1
55710.5 1.2276 0.0450 1
55711.5 1.2182 0.0288 1
55712.5 1.1728 0.0209 1
55713.5 1.2702 0.0218 1
55714.5 1.1659 0.0195 1
55715.5 0.9720 0.0172 1
55716.5 0.8858 0.0171 1
55717.5 0.7964 0.0157 1
55718.5 0.9294 0.0160 1
55719.5 0.8670 0.0152 1
55720.5 1.0170 0.0168 1
55721.5 1.3781 0.0195 1
55722.5 1.2435 0.0183 1
55723.5 1.0810 0.0174 1
55724.5 1.1040 0.0182 1
55725.5 1.3343 0.0198 1
55726.5 0.9496 0.0188 1
55727.5 1.1367 0.0213 1
55728.5 0.9373 0.0203 1
55729.5 0.9567 0.0208 1
55730.5 1.1266 0.0254 1
55731.5 1.1192 0.0231 1
55732.5 1.1309 0.0321 1
55733.5 0.9334 0.0245 1
55734.5 1.1356 0.0329 1
55735.5 0.9056 0.0323 1
55736.5 1.0247 0.0358 1
55737.5 0.9533 0.0373 1
55738.5 0.8552 0.0344 1
55739.5 1.1135 0.0389 1
55740.5 1.2729 0.0435 1
55741.5 1.0933 0.0526 1
55769.5 1.8675 0.0701 1
55770.5 1.7324 0.0435 1
55771.5 1.8720 0.0451 0
55772.5 1.1588 0.0388 1
55773.5 2.7453 0.0509 1
55774.5 2.5579 0.0522 1
55775.5 1.7416 0.0406 1
55776.5 1.8182 0.0404 1
55777.5 0.9414 0.0283 1
55778.5 1.3521 0.0394 1
55779.5 2.0106 0.0748 1
55780.5 3.1345 0.0482 0
55781.5 3.4078 0.0396 0
55782.5 2.3764 0.0344 0
55783.5 2.3292 0.0388 1
55784.5 1.6510 0.0253 1
55785.5 1.6432 0.0245 1
55786.5 1.6206 0.0221 1
55787.5 1.6609 0.0218 1
55788.5 1.9864 0.0238 1
55789.5 2.0332 0.0225 0
55790.5 2.4789 0.0253 0
55791.5 2.3967 0.0241 0
55792.5 3.0540 0.0268 0
55793.5 2.2912 0.0245 0
55794.5 2.9551 0.0265 0
55795.5 3.3491 0.0296 0
55796.5 3.1629 0.0294 0
55797.5 2.7128 0.0286 0
55798.5 2.3610 0.0290 0
55799.5 2.3308 0.0277 0
55800.5 2.3062 0.0305 0
55801.5 2.7942 0.0349 0
55802.5 2.4836 0.0328 0
55803.5 3.4407 0.0649 0
55804.5 2.2349 0.0346 0
55805.5 1.9506 0.0346 0
55806.5 2.7567 0.0557 0
55807.5 2.4510 0.0533 0
55808.5 3.0974 0.0591 0
55809.5 2.6814 0.0557 0
55810.5 2.9261 0.0575 0
55811.5 2.9020 0.0586 0
55812.5 2.7524 0.0594 0
55813.5 2.2562 0.1252 0
55820.5 1.2199 0.1458 0
55840.5 2.6746 0.0637 0
55841.5 3.0400 0.0565 0
55842.5 3.0195 0.0564 0
55843.5 3.6860 0.0582 0
55844.5 2.3733 0.0482 0
55845.5 2.4773 0.0501 0
55846.5 2.7580 0.0530 0
55847.5 2.7466 0.0489 0
55848.5 3.3174 0.0511 0
55849.5 3.0570 0.0573 0
55850.5 3.5234 0.0521 0
55851.5 2.5800 0.0622 0
55852.5 2.0865 0.0325 0
55853.5 1.5552 0.0289 0
55854.5 1.8833 0.0326 0
55855.5 2.5651 0.0372 0
55856.5 2.0404 0.0354 0
55857.5 2.0053 0.0307 0
55858.5 1.3235 0.0245 0
55859.5 1.7712 0.0254 0
55860.5 1.7170 0.0249 0
55861.5 2.2236 0.0279 0
55862.5 2.5000 0.0282 0
55863.5 2.7235 0.0311 0
55864.5 2.3527 0.0277 0
55865.5 2.3116 0.0276 0
55866.5 2.1982 0.0280 0
55867.5 2.4024 0.0284 0
55868.5 2.9457 0.0337 0
55869.5 2.7765 0.0332 0
55870.5 2.3993 0.0321 0
55871.5 2.9978 0.0389 0
55872.5 2.2446 0.0356 0
55873.5 1.8166 0.0349 0
55874.5 2.3482 0.0500 0
55875.5 3.0863 0.0573 0
55876.5 2.9482 0.0431 0
55877.5 3.1604 0.0472 0
55878.5 2.7307 0.0541 0
55879.5 2.1738 0.0511 0
55880.5 1.7825 0.0498 0
55881.5 3.4874 0.0583 0
55882.5 3.4931 0.0624 0
55883.5 3.2328 0.0623 0
55884.5 3.0473 0.0676 0
55886.5 3.1299 0.1771 0
55911.5 1.6060 0.1730 1
55912.5 1.6516 0.0434 1
55913.5 1.4586 0.0527 1
55915.5 1.9430 0.0489 1
55916.5 2.2259 0.0489 1
55917.5 1.7068 0.0418 1
55918.5 1.6952 0.0406 1
55919.5 1.5351 0.0367 1
55920.5 1.5316 0.0381 1
55921.5 1.5415 0.0429 1
55922.5 1.4610 0.0340 1
55923.5 1.2487 0.0364 1
55924.5 1.3429 0.0317 1
55925.5 1.3537 0.0277 1
55926.5 1.2239 0.0286 1
55927.5 1.2116 0.0277 1
55928.5 1.1551 0.0266 1
55929.5 1.4123 0.0248 1
55930.5 1.1155 0.0218 1
55931.5 1.3106 0.0231 1
55932.5 1.3129 0.0222 1
55933.5 1.4020 0.0228 1
55934.5 1.3942 0.0219 1
55935.5 1.5015 0.0280 1
55936.5 1.6737 0.0423 1
55937.5 2.2385 0.0344 1
55938.5 1.6831 0.0250 1
55939.5 1.5833 0.0246 1
55940.5 1.4649 0.0261 1
55941.5 2.1569 0.0298 1
55942.5 2.3342 0.0328 0
55943.5 2.9010 0.0399 0
55944.5 3.1922 0.0425 0
55945.5 2.4397 0.0483 0
55946.5 2.5446 0.0519 0
55947.5 1.9748 0.0438 0
55948.5 2.3232 0.0415 0
55949.5 3.4712 0.0564 0
55950.5 3.1811 0.0686 0
55951.5 2.0092 0.0508 0
55952.5 2.7403 0.0554 0
55953.5 2.4786 0.0506 0
55954.5 3.5409 0.0650 0
55955.5 3.9864 0.0668 0
55956.5 2.8387 0.0716 0
55983.5 1.7608 0.0781 0
55984.5 2.3542 0.0517 0
55985.5 2.6234 0.0535 0
55986.5 2.5908 0.0516 0
55987.5 2.3681 0.0557 0
55989.5 1.9827 0.0834 0
55990.5 2.1564 0.0464 0
55991.5 1.6526 0.0389 0
55992.5 1.7331 0.0413 0
55993.5 1.8068 0.0489 0
55994.5 1.9152 0.0494 0
55995.5 2.7292 0.0479 0
55996.5 2.1190 0.0356 0
55997.5 2.7927 0.0355 0
55998.5 2.3821 0.0340 0
55999.5 1.8945 0.0330 0
56000.5 2.3988 0.0341 0
56001.5 2.0042 0.0289 0
56002.5 1.9083 0.0265 0
56003.5 1.6227 0.0251 0
56004.5 1.9527 0.0254 0
56005.5 1.9356 0.0251 0
56006.5 1.9111 0.0258 0
56007.5 2.2692 0.0270 0
56008.5 2.2636 0.0280 0
56009.5 2.1893 0.0268 0
56010.5 1.8663 0.0260 0
56011.5 1.5071 0.0250 0
56012.5 1.6101 0.0253 0
56013.5 1.8925 0.0296 0
56014.5 2.0704 0.0312 0
56015.5 2.5748 0.0381 0
56016.5 2.3373 0.0350 0
56017.5 1.5481 0.0309 0
56018.5 1.8761 0.0399 0
56019.5 1.9448 0.0436 0
56020.5 2.6170 0.0478 0
56021.5 3.3428 0.0604 0
56022.5 3.1984 0.0598 0
56023.5 2.8336 0.0538 0
56024.5 3.4856 0.0595 0
56025.5 2.3117 0.0527 0
56026.5 2.2218 0.0498 0
56027.5 2.0895 0.0505 0
56028.5 2.0316 0.0966 0
56036.5 2.2480 0.0848 0
56039.5 1.4065 0.3418 0
56055.5 1.8989 0.0551 0
56056.5 2.0080 0.0471 0
56057.5 2.0504 0.0484 0
56058.5 1.7170 0.0428 0
56059.5 2.1753 0.0477 0
56060.5 2.1966 0.0471 0
56061.5 2.4178 0.0484 0
56062.5 2.6809 0.0509 0
56063.5 2.4616 0.0424 0
56064.5 2.8756 0.0440 0
56065.5 3.5674 0.0648 0
56066.5 2.9309 0.0929 0
56067.5 2.7677 0.0440 0
56068.5 2.5678 0.0396 0
56069.5 1.7675 0.0446 1
56070.5 1.8669 0.0371 1
56071.5 2.4647 0.0431 1
56072.5 1.8613 0.0355 1
56073.5 2.3855 0.0391 1
56074.5 2.2566 0.0382 1
56075.5 1.7443 0.0338 1
56076.5 2.1048 0.0353 1
56077.5 1.9496 0.0320 0
56078.5 2.5567 0.0372 0
56079.5 2.3218 0.0345 0
56080.5 1.9272 0.0331 0
56081.5 1.5092 0.0290 0
56082.5 1.9942 0.0327 0
56083.5 2.2610 0.0387 0
56084.5 1.9195 0.0335 0
56085.5 1.5504 0.0335 0
56086.5 2.1425 0.0404 0
56087.5 1.8781 0.0404 0
56088.5 2.0000 0.0435 0
56089.5 2.5969 0.0437 0
56090.5 2.1052 0.0468 0
56091.5 2.4757 0.0566 0
56092.5 2.2699 0.0501 0
56093.5 2.3884 0.0521 0
56094.5 2.9802 0.0589 0
56095.5 4.2647 0.0672 0
56096.5 3.4496 0.0622 0
56097.5 2.7187 0.0554 0
56098.5 2.3670 0.0536 0
56099.5 2.7482 0.0557 0
56100.5 2.7843 0.2229 0
56108.5 1.9608 0.1182 0
56109.5 2.3510 0.0679 0
56125.5 1.9778 0.1026 0
56129.5 3.1178 0.0728 0
56130.5 3.1713 0.0542 0
56131.5 2.4852 0.0528 0
56132.5 2.0317 0.0429 0
56133.5 2.5099 0.0473 0
56134.5 2.5065 0.0496 0
56135.5 2.1914 0.0442 0
56136.5 2.6205 0.0580 0
56137.5 2.2140 0.0506 0
56138.5 1.2676 0.0788 0
56139.5 2.9657 0.0480 0
56140.5 2.0537 0.0442 0
56141.5 2.8795 0.0739 0
56142.5 1.9767 0.0413 0
56143.5 1.9039 0.0381 0
56144.5 2.3549 0.0378 0
56145.5 2.2087 0.0379 0
56146.5 2.1386 0.0360 0
56147.5 2.6502 0.0380 0
56148.5 2.2020 0.0350 0
56149.5 2.0546 0.0328 0
56150.5 2.1467 0.0346 0
56151.5 2.0192 0.0327 0
56152.5 2.2955 0.0358 0
56153.5 2.4959 0.0359 0
56154.5 2.2397 0.0369 0
56155.5 1.7582 0.0334 0
56156.5 1.9793 0.0383 0
56157.5 2.3927 0.0417 0
56158.5 2.8206 0.0456 0
56159.5 2.6459 0.0431 0
56160.5 2.4307 0.0508 0
56161.5 3.8086 0.0527 0
56162.5 3.3665 0.0539 0
56163.5 3.0234 0.0570 0
56164.5 2.7944 0.0566 0
56165.5 2.1039 0.0491 0
56166.5 2.4252 0.0530 0
56167.5 2.8952 0.0540 0
56168.5 2.8107 0.0564 0
56169.5 2.6257 0.0523 0
56170.5 2.4259 0.0540 0
56171.5 1.6547 0.0448 0
56172.5 1.9892 0.1136 0
56199.5 2.5578 0.1092 0
56200.5 2.2169 0.0528 0
56201.5 2.0050 0.0468 0
56202.5 2.1414 0.0481 0
56203.5 1.6179 0.0414 0
56204.5 2.1873 0.0495 0
56205.5 1.7573 0.0425 0
56206.5 1.7517 0.0434 0
56207.5 2.4194 0.0470 0
56208.5 2.0207 0.0442 0
56209.5 3.2249 0.0605 0
56210.5 2.8966 0.0630 0
56211.5 2.7202 0.0683 0
56212.5 2.3778 0.0428 0
56213.5 3.1321 0.0450 0
56214.5 2.2526 0.0478 0
56215.5 1.9126 0.0446 0
56216.5 1.9048 0.0399 0
56217.5 2.2434 0.0404 0
56218.5 2.8457 0.0416 0
56219.5 2.3549 0.0394 0
56220.5 1.5233 0.0308 0
56221.5 1.7169 0.0323 0
56222.5 1.8376 0.0316 0
56223.5 2.0311 0.0341 0
56224.5 2.0929 0.0334 0
56225.5 2.7235 0.0383 0
56226.5 2.9659 0.0393 0
56227.5 2.2379 0.0373 0
56228.5 2.9730 0.0425 0
56229.5 1.8823 0.0369 0
56230.5 1.7831 0.0362 0
56231.5 2.3100 0.0433 0
56232.5 2.7465 0.0781 0
56233.5 2.2397 0.0513 0
56234.5 2.4314 0.0486 0
56235.5 3.2449 0.0646 0
56236.5 2.6576 0.0495 0
56237.5 1.8627 0.0469 0
56238.5 2.2155 0.0524 0
56239.5 3.2786 0.0609 0
56240.5 2.8346 0.0561 0
56241.5 2.0109 0.0492 0
56242.5 2.7031 0.0556 0
56243.5 2.9716 0.0598 0
56244.5 2.9236 0.0594 0
56249.5 1.5518 0.1000 0
56272.5 2.2491 0.0692 0
56273.5 2.3588 0.0512 0
56274.5 2.4535 0.0590 0
56275.5 1.9150 0.0476 0
56276.5 2.4385 0.0497 0
56277.5 2.8681 0.0582 0
56278.5 2.3777 0.0471 0
56279.5 2.6062 0.0500 0
56280.5 2.6065 0.0486 0
56281.5 2.0556 0.0465 0
56282.5 2.1150 0.0497 0
56283.5 1.6974 0.0583 0
56284.5 3.3406 0.0593 0
56285.5 3.1405 0.0465 0
56286.5 2.9562 0.0520 0
56287.5 2.2165 0.0497 0
56288.5 2.1746 0.0445 0
56289.5 2.7921 0.0409 0
56290.5 3.2493 0.0469 0
56291.5 2.4654 0.0383 0
56292.5 2.2057 0.0374 0
56293.5 2.0423 0.0337 0
56294.5 1.8836 0.0326 0
56295.5 2.3418 0.0345 0
56296.5 1.9706 0.0331 0
56297.5 2.3739 0.0493 0
56298.5 1.8273 0.0426 0
56299.5 1.7961 0.0362 0
56300.5 1.7796 0.0323 0
56301.5 2.5500 0.0407 0
56302.5 2.4878 0.0407 0
56303.5 2.1599 0.0422 0
56304.5 2.4450 0.0446 0
56305.5 2.5604 0.0445 0
56306.5 1.8398 0.0511 0
56307.5 2.4669 0.0521 0
56308.5 2.7498 0.0522 0
56309.5 2.6477 0.0512 0
56310.5 2.8206 0.0558 0
56311.5 2.3878 0.0528 0
56312.5 2.6251 0.0531 0
56313.5 1.8247 0.0462 0
56314.5 2.2919 0.0488 0
56315.5 2.2578 0.0515 0
56316.5 2.2339 0.0510 0
56317.5 2.5815 0.0716 0
56331.5 4.5405 0.1055 0
56334.5 3.7177 0.0461 0
56335.5 2.9230 0.0490 0
56344.5 3.4180 0.1244 0
56345.5 2.6348 0.0545 0
56346.5 3.2291 0.0593 0
56347.5 2.9385 0.0553 0
56348.5 3.4025 0.0596 0
56349.5 2.5769 0.0515 0
56350.5 2.2070 0.0737 0
56351.5 2.8606 0.0824 0
56352.5 2.7107 0.0503 0
56353.5 2.3950 0.0490 0
56354.5 2.9033 0.0583 0
56355.5 2.9534 0.0641 0
56356.5 1.8592 0.0584 0
56357.5 2.0261 0.0382 0
56358.5 2.0195 0.0472 0
56359.5 2.5254 0.0450 0
56360.5 1.9517 0.0416 0
56361.5 1.7728 0.0394 0
56362.5 2.2669 0.0378 0
56363.5 1.7950 0.0346 0
56364.5 1.9358 0.0333 0
56365.5 2.3753 0.0375 0
56366.5 2.0089 0.0341 0
56367.5 1.8069 0.0316 0
56368.5 1.4453 0.0284 0
56369.5 1.8370 0.0324 0
56370.5 1.4551 0.0287 0
56371.5 1.7649 0.0310 0
56372.5 1.3827 0.0295 0
56373.5 1.9983 0.0347 0
56374.5 1.9926 0.0371 0
56375.5 1.6912 0.0352 0
56376.5 1.8929 0.0405 0
56377.5 1.3373 0.0389 0
56378.5 1.8790 0.0446 0
56379.5 2.2296 0.0470 0
56380.5 1.6750 0.0374 0
56381.5 2.4741 0.0458 0
56382.5 2.6515 0.0571 0
56383.5 2.7392 0.0547 0
56384.5 2.8543 0.0564 0
56385.5 2.3057 0.0593 0
56386.5 3.2493 0.0596 0
56387.5 2.3886 0.0514 0
56388.5 2.7973 0.0571 0
56389.5 2.0333 0.0504 0
56417.5 2.0287 0.0499 0
56418.5 2.2239 0.0479 0
56419.5 2.8106 0.0538 0
56420.5 2.7619 0.0537 0
56421.5 3.1004 0.0571 0
56422.5 3.1918 0.0549 0
56423.5 2.5964 0.0515 0
56424.5 2.3641 0.0454 0
56425.5 2.8048 0.0489 0
56426.5 2.3572 0.0467 0
56427.5 2.1718 0.0588 0
56428.5 1.6131 0.0571 0
56429.5 2.2841 0.0420 0
56430.5 2.4402 0.0426 0
56431.5 2.6378 0.0528 0
56432.5 1.8507 0.0392 0
56433.5 2.4706 0.0420 0
56434.5 2.1303 0.0361 0
56435.5 2.6180 0.0421 0
56436.5 3.2778 0.0432 0
56437.5 2.6607 0.0406 0
56438.5 2.2349 0.0349 0
56439.5 1.8226 0.0319 0
56440.5 1.8936 0.0317 0
56441.5 2.0357 0.0333 0
56442.5 2.2323 0.0352 0
56443.5 2.2817 0.0356 0
56444.5 1.7328 0.0309 0
56445.5 2.1086 0.0360 0
56446.5 2.1242 0.0369 0
56447.5 2.0987 0.0382 0
56448.5 2.5732 0.0444 0
56449.5 1.9047 0.0413 0
56450.5 1.8953 0.0429 0
56451.5 2.1223 0.0435 0
56452.5 3.7024 0.0723 0
56453.5 2.8839 0.0527 0
56454.5 3.7281 0.0585 0
56455.5 4.1939 0.0701 0
56456.5 2.7224 0.0583 0
56457.5 2.9857 0.0592 0
56458.5 3.2033 0.0574 0
56459.5 3.8034 0.0662 0
56460.5 3.6730 0.0621 0
56461.5 2.6492 0.0563 0
56462.5 3.1801 0.0968 0
56474.5 3.4056 0.0292 0
56475.5 4.0407 0.0335 0
56493.5 4.1127 0.0643 0
56494.5 3.1988 0.0562 0
56495.5 3.2169 0.0574 0
56496.5 4.2520 0.0596 0
56497.5 3.3781 0.0567 0
56498.5 3.8508 0.0580 0
56499.5 3.0504 0.0604 0
56500.5 2.7715 0.0510 0
56501.5 2.5684 0.0491 0
56502.5 2.9724 0.0443 0
56503.5 2.8934 0.0566 0
56504.5 2.5663 0.0559 0
56505.5 2.5397 0.0472 0
56506.5 2.1488 0.0381 0
56507.5 2.0365 0.0368 0
56508.5 1.9508 0.0347 0
56509.5 1.9951 0.0349 0
56510.5 1.8440 0.0325 0
56511.5 2.3485 0.0359 0
56512.5 2.1604 0.0335 0
56513.5 2.4958 0.0368 0
56514.5 2.7313 0.0371 0
56515.5 2.8775 0.0393 0
56516.5 2.9747 0.0394 0
56517.5 2.0900 0.0371 0
56518.5 2.1835 0.0367 0
56519.5 1.8361 0.0372 0
56520.5 2.1247 0.0398 0
56521.5 3.5095 0.0515 0
56522.5 3.7561 0.0517 0
56523.5 3.5236 0.0596 0
56524.5 3.5986 0.0490 0
56525.5 2.4771 0.0528 0
56526.5 2.6070 0.0525 0
56527.5 2.4781 0.0551 0
56528.5 2.7960 0.0560 0
56529.5 3.4421 0.0625 0
56530.5 3.0036 0.0553 0
56531.5 2.6259 0.0576 0
56532.5 2.0270 0.0609 0
56533.5 2.0233 0.0526 0
56534.5 2.1126 0.0555 0
56560.5 3.5086 0.0745 0
56561.5 4.5900 0.0890 0
56562.5 3.1800 0.0792 0
56563.5 2.9987 0.0581 0
56564.5 3.1074 0.0575 0
56565.5 3.3298 0.0598 0
56566.5 3.1120 0.0563 0
56567.5 2.7541 0.0532 0
56568.5 3.4570 0.0564 0
56569.5 3.8068 0.0571 0
56570.5 2.5990 0.0537 0
56571.5 2.8403 0.0555 0
56572.5 2.7194 0.0500 0
56573.5 2.1117 0.0758 0
56574.5 2.3642 0.0502 0
56575.5 2.4771 0.0435 0
56576.5 2.0565 0.0505 0
56577.5 2.3731 0.0511 0
56578.5 2.3975 0.0454 0
56579.5 1.9116 0.0374 0
56580.5 2.1788 0.0365 0
56581.5 2.0266 0.0354 0
56582.5 1.8518 0.0333 0
56583.5 2.2214 0.0363 0
56584.5 2.3651 0.0351 0
56585.5 1.5393 0.0305 0
56586.5 1.9862 0.0324 0
56587.5 2.4617 0.0369 0
56588.5 2.3871 0.0363 0
56589.5 1.8014 0.0324 0
56590.5 1.9587 0.0335 0
56591.5 1.8918 0.0372 0
56592.5 1.5844 0.0340 0
56593.5 2.2973 0.0418 0
56594.5 1.6917 0.0378 0
56595.5 1.9504 0.0433 0
56596.5 1.9663 0.0449 0
56597.5 1.9546 0.0454 0
56598.5 2.8296 0.0588 0
56599.5 2.9131 0.0499 0
56600.5 3.0827 0.0613 0
56601.5 2.1829 0.0491 0
56602.5 2.0320 0.0464 0
56603.5 1.9771 0.0453 0
56604.5 1.8879 0.0476 0
56605.5 2.0330 0.0490 0
56606.5 1.9583 0.0476 0
56607.5 1.7433 0.0553 0
56635.5 1.6904 0.0480 0
56636.5 1.4417 0.0430 0
56637.5 1.7069 0.0439 0
56638.5 1.8666 0.0477 0
56639.5 1.6288 0.0423 0
56640.5 2.2512 0.0496 0
56641.5 2.0859 0.0453 0
56642.5 1.8576 0.0435 0
56643.5 1.7959 0.0404 0
56644.5 2.4169 0.0535 0
56645.5 2.5589 0.0514 0
56646.5 0.9511 0.0606 0
56647.5 1.8172 0.0406 0
56648.5 1.9315 0.0378 0
56649.5 1.6965 0.0423 0
56650.5 1.7750 0.0414 0
56651.5 1.2117 0.0345 0
56652.5 1.4161 0.0306 0
56653.5 2.4352 0.0411 0
56654.5 2.2270 0.0353 0
56655.5 1.7983 0.0343 0
56656.5 1.7364 0.0317 0
56657.5 2.3823 0.0361 0
56658.5 2.2952 0.0345 0
56659.5 1.6634 0.0311 0
56660.5 2.1530 0.0407 0
56661.5 2.3871 0.0491 0
56662.5 2.2276 0.0439 0
56663.5 2.0903 0.0359 0
56664.5 1.5739 0.0323 0
56665.5 1.8899 0.0376 0
56666.5 1.9630 0.0391 0
56667.5 1.6359 0.0403 0
56668.5 1.7828 0.0392 0
56669.5 1.8786 0.0501 0
56670.5 1.9774 0.0479 0
56671.5 2.5153 0.0505 0
56672.5 3.1060 0.0545 0
56673.5 2.6595 0.0567 0
56674.5 1.8393 0.0449 0
56675.5 2.1661 0.0485 0
56676.5 2.2612 0.0507 0
56677.5 1.9723 0.0491 0
56678.5 2.6649 0.0533 0
56679.5 2.2096 0.0517 0
56680.5 2.2371 0.0768 0
56690.5 2.4228 0.1067 0
56707.5 2.4161 0.0954 0
56708.5 2.9251 0.0587 0
56709.5 2.4010 0.0503 0
56710.5 2.4799 0.0525 0
56711.5 2.2684 0.0480 0
56712.5 2.4105 0.0503 0
56713.5 2.3491 0.0493 0
56714.5 2.6897 0.0842 0
56715.5 2.4760 0.0478 0
56716.5 2.5419 0.0497 0
56717.5 3.1762 0.0595 0
56718.5 1.7289 0.0500 0
56719.5 2.6671 0.0649 0
56720.5 2.7345 0.0451 0
56721.5 3.1106 0.0441 0
56722.5 3.1926 0.0491 0
56723.5 2.5221 0.0490 0
56724.5 2.2184 0.0397 0
56725.5 2.3014 0.0403 0
56726.5 2.4201 0.0393 0
56727.5 2.4247 0.0392 0
56728.5 2.5991 0.0375 0
56729.5 3.1866 0.0442 0
56730.5 2.2143 0.0338 0
56731.5 2.4203 0.0361 0
56732.5 2.1957 0.0336 0
56733.5 1.7971 0.0321 0
56734.5 2.0617 0.0332 0
56735.5 1.9192 0.0333 1
56736.5 1.7492 0.0323 1
56737.5 1.8193 0.0354 1
56738.5 2.3963 0.0402 1
56739.5 1.8879 0.0402 1
56740.5 2.0750 0.0405 1
56741.5 2.0275 0.0457 1
56742.5 2.9490 0.0528 0
56743.5 2.7939 0.0421 0
56744.5 3.3632 0.0494 0
56745.5 3.0066 0.0586 0
56746.5 2.8053 0.0558 0
56747.5 2.4580 0.0530 0
56748.5 2.6397 0.0529 0
56749.5 3.1844 0.0596 0
56750.5 3.0266 0.0564 0
56751.5 2.2009 0.0519 0
56752.5 3.0946 0.0604 0
56753.5 2.7715 0.0856 0
56754.5 2.3100 0.0448 0
56755.5 2.3338 0.0371 0
56756.5 2.1276 0.0337 0
56757.5 3.6024 0.0986 0
56780.5 1.4662 0.0527 1
56781.5 1.3258 0.0405 1
56782.5 1.1741 0.0394 1
56783.5 1.3718 0.0391 1
56784.5 1.1676 0.0383 1
56785.5 0.9865 0.0340 1
56786.5 1.1574 0.0352 1
56787.5 1.0808 0.0332 1
56788.5 1.3615 0.0358 1
56789.5 1.5089 0.0375 1
56790.5 1.3944 0.0444 1
56791.5 1.3278 0.0551 1
56792.5 1.5745 0.0388 1
56793.5 1.7648 0.0385 1
56794.5 1.3784 0.0375 1
56795.5 1.1744 0.0345 1
56796.5 1.1375 0.0293 1
56797.5 1.0296 0.0280 1
56798.5 1.3316 0.0288 1
56799.5 1.4660 0.0307 1
56800.5 1.4140 0.0281 1
56801.5 1.2147 0.0272 1
56802.5 1.1292 0.0246 1
56803.5 1.1538 0.0256 1
56804.5 0.9771 0.0232 1
56805.5 1.1708 0.0257 1
56806.5 1.2498 0.0269 1
56807.5 1.0069 0.0256 1
56808.5 1.1548 0.0279 1
56809.5 1.1820 0.0296 1
56810.5 1.2927 0.0300 1
56811.5 1.1076 0.0309 1
56812.5 1.1939 0.0325 1
56813.5 1.4616 0.0384 1
56814.5 1.3047 0.0370 1
56815.5 1.6868 0.0526 1
56816.5 1.5878 0.0384 1
56817.5 1.5950 0.0426 1
56818.5 1.7190 0.0467 1
56819.5 2.2751 0.0512 1
56820.5 2.0723 0.0480 1
56821.5 2.1803 0.0506 1
56822.5 2.4880 0.0527 0
56823.5 2.0118 0.0512 1
56824.5 1.8447 0.0480 1
56825.5 2.3604 0.0770 0
56837.5 2.0865 0.0644 0
56838.5 2.1177 0.0216 0
56854.5 3.1461 0.1136 0
56855.5 2.4817 0.1126 0
56856.5 2.2430 0.0475 0
56857.5 1.9528 0.0470 0
56858.5 3.0525 0.0566 0
56859.5 2.4925 0.0413 0
56860.5 2.9377 0.0421 0
56861.5 2.3211 0.0415 0
56862.5 2.2536 0.0475 0
56863.5 3.0144 0.0822 0
56864.5 2.8206 0.0667 0
56865.5 2.3411 0.0404 0
56866.5 2.4033 0.0531 0
56867.5 1.4585 0.0436 0
56868.5 1.7797 0.0417 0
56869.5 1.7459 0.0361 0
56870.5 1.7206 0.0392 0
56871.5 1.4439 0.0318 0
56872.5 1.4778 0.0307 0
56873.5 1.9564 0.0357 0
56874.5 1.9687 0.0321 0
56875.5 1.8259 0.0321 0
56876.5 1.7961 0.0308 0
56877.5 2.0068 0.0335 0
56878.5 2.7392 0.0373 0
56879.5 2.1508 0.0349 0
56880.5 1.5876 0.0308 0
56881.5 1.7488 0.0348 0
56882.5 2.2777 0.0377 0
56883.5 2.3521 0.0415 0
56884.5 2.0489 0.0402 0
56885.5 2.5029 0.0450 0
56886.5 2.6001 0.0495 0
56887.5 2.2068 0.0401 0
56888.5 2.2287 0.0441 0
56889.5 2.5165 0.0557 0
56890.5 2.1785 0.0452 0
56891.5 2.1619 0.0520 0
56892.5 2.1246 0.0497 0
56893.5 2.0831 0.0491 0
56894.5 1.9856 0.0485 0
56895.5 2.4235 0.0546 0
56896.5 1.4239 0.0423 0
56897.5 1.4389 0.0449 0
56898.5 2.6561 0.1580 0
56925.5 1.3527 0.0402 0
56926.5 1.1912 0.0273 0
56927.5 1.5582 0.0431 0
56928.5 1.3716 0.0410 0
56929.5 1.9831 0.0482 0
56930.5 1.4753 0.0401 0
56931.5 1.4104 0.0376 0
56932.5 1.5137 0.0381 0
56933.5 1.5900 0.0400 0
56934.5 1.9722 0.0490 0
56935.5 2.4693 0.0470 0
56936.5 1.8797 0.0490 0
56937.5 1.9280 0.0595 0
56938.5 2.6771 0.0416 0
56939.5 2.2667 0.0502 0
56940.5 1.8510 0.0435 0
56941.5 1.8571 0.0398 0
56942.5 1.8588 0.0356 0
56943.5 1.5974 0.0332 0
56944.5 1.3046 0.0294 0
56945.5 1.2622 0.0340 0
56946.5 1.4402 0.0292 0
56947.5 1.4403 0.0293 0
56948.5 0.8259 0.0228 0
56949.5 0.9852 0.0250 0
56950.5 0.9440 0.0240 0
56951.5 1.0512 0.0257 0
56952.5 1.3162 0.0275 0
56953.5 1.1090 0.0278 0
56954.5 0.9776 0.0267 0
56955.5 1.1603 0.0298 0
56956.5 1.1385 0.0310 0
56957.5 1.1007 0.0351 0
56958.5 1.1805 0.0315 0
56959.5 1.2681 0.0413 0
56960.5 1.3920 0.0327 0
56961.5 1.3790 0.0390 0
56962.5 1.3432 0.0405 0
56963.5 2.3122 0.0501 0
56964.5 2.9125 0.0568 0
56965.5 2.5154 0.0531 0
56966.5 2.4719 0.0505 0
56967.5 1.9635 0.0465 0
56968.5 1.7065 0.0436 0
56969.5 1.7467 0.0467 0
56970.5 1.8451 0.0519 0
56998.5 2.8233 0.0677 0
56999.5 2.9275 0.0579 0
57000.5 3.0557 0.0565 0
57001.5 3.0497 0.0558 0
57002.5 3.1192 0.0585 0
57003.5 3.2574 0.0564 0
57004.5 2.6935 0.0505 0
57005.5 2.5785 0.0489 0
57006.5 2.8634 0.0537 0
57007.5 2.8908 0.0541 0
57008.5 2.3789 0.0456 0
57009.5 2.2661 0.0687 0
57010.5 2.7290 0.0534 0
57011.5 2.3316 0.0381 0
57012.5 2.5964 0.0492 0
57013.5 2.6801 0.0502 0
57014.5 2.7687 0.0442 0
57015.5 2.4755 0.0429 0
57016.5 2.5979 0.0394 0
57017.5 3.1620 0.0441 0
57018.5 3.0264 0.0402 0
57019.5 2.4556 0.0379 0
57020.5 2.5674 0.0360 0
57021.5 1.7368 0.0314 0
57022.5 2.4965 0.0356 0
57023.5 2.6387 0.0392 0
57024.5 2.9969 0.0535 0
57025.5 2.4585 0.0508 0
57026.5 2.7064 0.0444 0
57027.5 2.5838 0.0411 0
57028.5 2.9674 0.0438 0
57029.5 2.3075 0.0399 0
57030.5 2.3218 0.0457 0
57031.5 2.3026 0.0436 0
57032.5 2.6014 0.0527 0
57033.5 3.0618 0.0531 0
57034.5 3.4471 0.0607 0
57035.5 4.0680 0.0648 0
57036.5 4.2225 0.0875 0
57041.5 2.7945 0.0753 0
57042.5 3.4609 0.0625 0
57043.5 4.1651 0.1187 0
57050.5 2.7743 0.0546 0
57070.5 2.9077 0.0814 0
57071.5 1.9020 0.0467 0
57072.5 2.3758 0.0512 0
57073.5 2.3897 0.0499 0
57074.5 2.5813 0.0529 0
57075.5 2.2330 0.0477 0
57076.5 3.6303 0.0604 0
57077.5 2.5158 0.0542 0
57078.5 2.4337 0.0474 0
57079.5 3.3524 0.0577 0
57080.5 2.9672 0.0593 0
57081.5 2.1073 0.0640 0
57082.5 1.7572 0.0420 0
57083.5 1.8990 0.0377 0
57084.5 2.0811 0.0387 0
57085.5 2.3899 0.0428 0
57086.5 2.4020 0.0477 0
57087.5 1.9253 0.0369 0
57088.5 1.8690 0.0368 0
57089.5 1.6552 0.0323 0
57090.5 2.0184 0.0359 0
57091.5 2.4733 0.0367 0
57092.5 1.7446 0.0317 0
57093.5 2.2310 0.0339 0
57094.5 1.7723 0.0310 0
57095.5 2.4060 0.0362 0
57096.5 2.4068 0.0354 0
57097.5 2.3368 0.0362 0
57098.5 1.7042 0.0314 0
57099.5 1.6516 0.0329 0
57100.5 1.7377 0.0339 0
57101.5 1.9548 0.0388 0
57102.5 2.3195 0.0424 0
57103.5 2.4061 0.0453 0
57104.5 2.5764 0.0582 0
57105.5 2.4291 0.0616 0
57106.5 2.3456 0.0426 0
57107.5 1.8828 0.0427 0
57108.5 1.8457 0.0417 1
57109.5 1.7591 0.0361 1
57110.5 1.5363 0.0437 1
57111.5 1.5062 0.0409 1
57112.5 1.5327 0.0442 1
57113.5 1.6579 0.0438 1
57114.5 1.5089 0.0457 1
57115.5 1.2433 0.0565 1
57137.5 1.0598 0.1070 1
57142.5 2.0966 0.0709 0
57143.5 2.4600 0.0538 0
57144.5 2.2695 0.0500 0
57145.5 2.3409 0.0512 0
57146.5 2.5289 0.0498 0
57147.5 2.4036 0.0494 0
57148.5 2.9537 0.0521 0
57149.5 2.8765 0.0500 0
57150.5 3.0653 0.0535 0
57151.5 2.1509 0.0429 1
57152.5 2.0862 0.0526 1
57153.5 1.9314 0.0694 1
57154.5 1.5689 0.0435 1
57155.5 1.4555 0.0336 1
57156.5 1.5797 0.0399 1
57157.5 1.8635 0.0383 1
57158.5 1.4221 0.0334 1
57159.5 1.4457 0.0317 1
57160.5 1.3279 0.0317 1
57161.5 1.1471 0.0272 1
57162.5 1.1107 0.0281 1
57163.5 1.3491 0.0281 1
57164.5 1.4086 0.0287 1
57165.5 1.6490 0.0295 1
57166.5 1.7409 0.0313 1
57167.5 1.8951 0.0315 1
57168.5 2.7546 0.0385 0
57169.5 1.8418 0.0350 1
57170.5 1.8249 0.0325 1
57171.5 1.8183 0.0352 1
57172.5 1.8412 0.0348 1
57173.5 1.5077 0.0351 1
57174.5 1.3418 0.0357 1
57175.5 1.4209 0.0378 1
57176.5 2.4171 0.0449 1
57177.5 2.2249 0.0578 0
57178.5 1.9298 0.0481 1
57179.5 1.6200 0.0467 1
57180.5 1.3289 0.0402 1
57181.5 1.4558 0.0425 1
57182.5 1.7082 0.0435 1
57183.5 2.2416 0.0490 0
57184.5 2.4479 0.0533 0
57185.5 1.7548 0.0437 0
57186.5 1.4260 0.0416 1
57187.5 1.5101 0.0685 1
57218.5 2.3718 0.0473 0
57219.5 1.7333 0.0418 0
57220.5 1.6829 0.0405 1
57221.5 1.5561 0.0406 1
57222.5 1.2249 0.0358 1
57223.5 1.7585 0.0456 0
57224.5 2.1683 0.0491 0
57225.5 1.7277 0.0618 0
57226.5 1.3185 0.0405 1
57227.5 1.8566 0.0362 1
57228.5 1.1903 0.0393 1
57229.5 1.0279 0.0346 1
57230.5 0.9764 0.0300 1
57231.5 1.1310 0.0300 1
57232.5 1.3909 0.0300 1
57233.5 1.1712 0.0277 1
57234.5 1.2833 0.0257 1
57235.5 0.9623 0.0208 1
57236.5 1.0141 0.0204 1
57237.5 0.9749 0.0204 1
57238.5 1.0052 0.0200 1
57239.5 0.9890 0.0251 1
57240.5 1.1581 0.0260 1
57241.5 1.3141 0.0278 1
57242.5 1.2831 0.0299 0
57243.5 1.3383 0.0299 0
57244.5 1.2918 0.0321 1
57245.5 1.3029 0.0328 1
57246.5 1.7135 0.0372 1
57247.5 1.3558 0.0364 1
57248.5 1.7334 0.0363 1
57249.5 1.3214 0.0424 1
57250.5 1.6046 0.0464 1
57251.5 1.2435 0.0386 1
57252.5 1.2929 0.0433 1
57253.5 1.2897 0.0386 1
57254.5 1.4836 0.0433 1
57255.5 1.2105 0.0379 1
57256.5 1.1065 0.0370 1
57257.5 0.9333 0.0388 1
57258.5 1.3081 0.0420 1
57259.5 1.2624 0.0672 1
57268.5 3.4996 0.1398 0
57269.5 2.2462 0.0307 0
57286.5 2.1767 0.1162 0
57287.5 2.1666 0.0519 0
57288.5 2.1151 0.0497 0
57289.5 1.7063 0.0437 0
57290.5 2.4942 0.0500 0
57291.5 2.7686 0.0530 0
57292.5 2.8568 0.0551 0
57293.5 2.5563 0.0518 0
57294.5 2.7426 0.0529 0
57295.5 3.1027 0.0579 0
57296.5 2.0115 0.0430 0
57297.5 2.3023 0.0580 0
57298.5 2.1503 0.0588 0
57299.5 2.5515 0.0425 0
57300.5 2.2877 0.0513 0
57301.5 2.3218 0.0570 0
57302.5 2.1832 0.0433 0
57303.5 2.3341 0.0412 0
57304.5 2.0215 0.0357 0
57305.5 1.5440 0.0329 0
57306.5 2.2285 0.0365 0
57307.5 1.9225 0.0343 0
57308.5 1.8863 0.0318 0
57309.5 2.1937 0.0339 0
57310.5 2.1979 0.0350 0
57311.5 2.5947 0.0365 0
57312.5 2.3702 0.0363 0
57313.5 2.4005 0.0355 0
57314.5 3.1115 0.0414 0
57315.5 3.1631 0.0470 0
57316.5 2.5104 0.0566 0
57317.5 3.2947 0.0466 0
57318.5 2.4526 0.0459 0
57319.5 2.4026 0.0442 0
57320.5 3.5065 0.0581 0
57321.5 2.8677 0.0513 0
57322.5 3.4435 0.0617 0
57323.5 2.3049 0.0527 0
57324.5 2.9456 0.0564 0
57325.5 2.5495 0.0537 0
57326.5 3.5680 0.0615 0
57327.5 3.4770 0.0639 0
57328.5 2.7944 0.0549 0
57329.5 2.5533 0.0547 0
57330.5 2.8317 0.0569 0
57331.5 2.2920 0.0625 0
57359.5 1.7563 0.0493 1
57360.5 1.8818 0.0459 1
57361.5 1.8177 0.0465 1
57362.5 1.7013 0.0427 1
57363.5 1.3882 0.0393 1
57364.5 1.3674 0.0417 1
57365.5 1.4391 0.0386 1
57366.5 1.9750 0.0475 1
57367.5 2.0306 0.0463 1
57368.5 1.7387 0.0450 1
57369.5 1.3689 0.0362 1
57370.5 1.4482 0.0594 1
57371.5 1.4726 0.0352 1
57372.5 1.2191 0.0300 1
57373.5 1.3000 0.0420 1
57374.5 1.2686 0.0351 1
57375.5 1.1154 0.0306 1
57376.5 1.1786 0.0307 1
57377.5 1.5011 0.0322 1
57378.5 1.5143 0.0306 1
57379.5 1.5204 0.0297 1
57380.5 1.2392 0.0282 1
57381.5 1.4564 0.0286 1
57382.5 1.5788 0.0306 1
57383.5 1.3357 0.0280 1
57384.5 1.4363 0.0297 1
57385.5 1.2761 0.0310 1
57386.5 1.3795 0.0373 1
57387.5 1.6777 0.0400 1
57388.5 1.2918 0.0313 1
57389.5 1.3353 0.0358 1
57390.5 1.2766 0.0441 1
57391.5 1.0297 0.0342 1
57392.5 1.3426 0.0366 1
57393.5 1.4445 0.0414 1
57394.5 1.3496 0.0409 1
57395.5 1.3117 0.0392 1
57396.5 1.4342 0.0413 1
57397.5 1.4551 0.0439 1
57398.5 1.5863 0.0424 1
57399.5 1.6194 0.0441 1
57400.5 1.5709 0.0425 1
57401.5 1.4572 0.0429 1
57402.5 1.5528 0.0425 1
57403.5 1.4059 0.0438 1
57431.5 1.6985 0.0489 1
57432.5 1.6483 0.0452 1
57433.5 1.3766 0.0401 1
57434.5 1.5249 0.0408 1
57435.5 1.3357 0.0378 1
57436.5 1.3382 0.0398 1
57437.5 1.5855 0.0404 1
57438.5 1.6291 0.0435 1
57439.5 1.3419 0.0399 1
57440.5 1.4528 0.0433 1
57441.5 1.3676 0.0414 1
57442.5 1.1799 0.0651 1
57443.5 1.3520 0.0393 1
57444.5 1.5002 0.0318 1
57445.5 1.2404 0.0404 1
57446.5 1.2496 0.0338 1
57447.5 1.2644 0.0316 1
57448.5 1.2228 0.0310 1
57449.5 1.2826 0.0290 1
57450.5 1.1960 0.0291 1
57451.5 1.1495 0.0267 1
57452.5 0.9215 0.0256 1
57453.5 0.8855 0.0231 1
57454.5 0.9299 0.0243 1
57455.5 0.9035 0.0233 1
57456.5 1.0556 0.0258 1
57457.5 1.2212 0.0265 1
57458.5 1.1203 0.0267 1
57459.5 1.1955 0.0275 1
57460.5 1.3061 0.0299 1
57461.5 1.3629 0.0323 1
57462.5 1.4890 0.0335 1
57463.5 1.1877 0.0341 1
57464.5 1.1332 0.0344 1
57465.5 1.1425 0.0396 1
57466.5 1.1707 0.0318 1
57467.5 1.2392 0.0383 1
57468.5 1.2587 0.0395 1
57469.5 1.0588 0.0384 1
57470.5 1.0579 0.0358 1
57471.5 1.1616 0.0387 1
57472.5 1.2981 0.0391 1
57473.5 1.2809 0.0404 1
57474.5 1.1246 0.0394 1
57475.5 1.1564 0.0482 1
57476.5 1.4648 0.0984 1
57480.5 1.1538 0.0318 1
57481.5 1.2493 0.0518 1
57503.5 0.9366 0.0449 1
57504.5 0.8735 0.0351 1
57505.5 0.9501 0.0361 1
57506.5 0.9847 0.0344 1
57507.5 0.9044 0.0336 1
57508.5 0.9168 0.0333 1
57509.5 1.0942 0.0346 1
57510.5 1.0166 0.0356 1
57511.5 0.9740 0.0337 1
57512.5 0.9040 0.0350 1
57513.5 0.8757 0.0360 1
57514.5 0.7898 0.0551 1
57515.5 0.9322 0.0323 1
57516.5 0.9997 0.0306 1
57517.5 1.0118 0.0379 1
57518.5 0.8509 0.0294 1
57519.5 0.8033 0.0275 1
57520.5 0.8339 0.0269 1
57521.5 0.9603 0.0282 1
57522.5 0.9638 0.0258 1
57523.5 0.9226 0.0244 1
57524.5 0.9324 0.0253 1
57525.5 0.9136 0.0233 1
57526.5 0.9842 0.0249 1
57527.5 1.1255 0.0254 1
57528.5 0.9295 0.0246 1
57529.5 1.0627 0.0250 1
57530.5 0.9954 0.0256 1
57531.5 1.0940 0.0265 1
57532.5 1.2550 0.0305 1
57533.5 1.3274 0.0306 1
57534.5 1.1974 0.0326 1
57535.5 1.1910 0.0332 1
57536.5 1.0222 0.0353 1
57537.5 1.2926 0.0497 1
57538.5 1.2212 0.0545 1
57539.5 1.5168 0.0419 1
57540.5 1.1272 0.0375 1
57541.5 1.0765 0.0389 1
57542.5 1.0428 0.0356 1
57543.5 1.1233 0.0390 1
57544.5 1.0873 0.0368 1
57545.5 1.2299 0.0398 1
57546.5 1.0789 0.0386 1
57547.5 1.0545 0.0396 1
57548.5 1.0580 0.0878 1
57569.5 1.1842 0.0292 1
57570.5 0.9482 0.0251 1
57572.5 1.1507 0.1369 1
57578.5 1.1006 0.0630 1
57579.5 1.2165 0.0445 1
57580.5 1.1360 0.0371 1
57581.5 1.3315 0.0407 1
57582.5 1.2372 0.0389 1
57583.5 1.3339 0.0385 1
57584.5 1.2425 0.0402 1
57585.5 1.1435 0.0386 1
57586.5 1.1826 0.0707 1
57587.5 1.2233 0.0381 1
57588.5 1.3561 0.0384 1
57589.5 1.3481 0.0465 1
57590.5 1.1993 0.0360 1
57591.5 1.5460 0.0352 1
57592.5 1.3928 0.0325 1
57593.5 1.3377 0.0294 1
57594.5 1.3945 0.0310 1
57595.5 1.3239 0.0286 1
57596.5 1.2808 0.0277 1
57597.5 1.1641 0.0258 1
57598.5 1.0999 0.0259 1
57599.5 1.0618 0.0248 1
57600.5 1.1594 0.0268 1
57601.5 1.0855 0.0256 1
57602.5 1.0512 0.0270 1
57603.5 1.2665 0.0291 1
57604.5 1.1075 0.0280 1
57605.5 1.0443 0.0300 1
57606.5 1.1678 0.0317 1
57607.5 1.0802 0.0320 1
57608.5 1.0417 0.0352 1
57609.5 1.0200 0.0295 1
57610.5 1.0419 0.0401 1
57611.5 1.2286 0.0409 1
57612.5 1.1807 0.0381 1
57613.5 1.2461 0.0411 1
57614.5 1.0638 0.0361 1
57615.5 1.0958 0.0380 1
57616.5 1.1471 0.0375 1
57617.5 1.2422 0.0395 1
57618.5 1.1161 0.0385 1
57619.5 1.1890 0.0407 1
57620.5 1.1384 0.0890 1
57647.5 1.0851 0.0637 1
57648.5 1.0973 0.0397 1
57649.5 1.0080 0.0358 1
57650.5 1.1712 0.0378 1
57651.5 1.1718 0.0365 1
57652.5 1.0766 0.0361 1
57653.5 1.1438 0.0355 1
57654.5 0.8592 0.0324 1
57655.5 0.9786 0.0329 1
57656.5 0.9970 0.0352 1
57657.5 1.1032 0.0362 1
57658.5 1.1288 0.0482 1
57659.5 0.9752 0.0422 1
57660.5 1.1607 0.0289 1
57661.5 1.1697 0.0313 1
57662.5 0.9608 0.0375 1
57663.5 1.1113 0.0358 1
57664.5 1.0659 0.0295 1
57665.5 1.0136 0.0267 1
57666.5 1.0427 0.0276 1
57667.5 1.1741 0.0279 1
57668.5 0.9852 0.0260 1
57669.5 1.0623 0.0251 1
57670.5 1.1557 0.0265 1
57671.5 0.9789 0.0242 1
57672.5 0.9955 0.0253 1
57673.5 0.9331 0.0241 1
57674.5 0.8682 0.0243 1
57675.5 0.8555 0.0244 1
57676.5 0.8886 0.0266 1
57677.5 0.8897 0.0269 1
57678.5 1.0258 0.0283 1
57679.5 1.0007 0.0305 1
57680.5 1.1256 0.0341 1
57681.5 1.2525 0.0407 1
57682.5 0.6690 0.0315 1
57683.5 1.2631 0.0435 1
57684.5 1.2033 0.0385 1
57685.5 1.0959 0.0388 1
57686.5 1.2024 0.0389 1
57687.5 1.0608 0.0361 1
57688.5 1.0729 0.0443 1
57689.5 1.1419 0.0425 1
57690.5 1.1242 0.0367 1
57691.5 1.2478 0.0389 1
57692.5 1.0827 0.0493 1
57711.5 1.0134 0.0381 1
57712.5 1.0274 0.0672 1
57719.5 1.1310 0.1625 1
57720.5 1.0953 0.0391 1
57721.5 1.1480 0.0388 1
57722.5 1.2695 0.0378 1
57723.5 1.4293 0.0420 1
57724.5 1.1838 0.0386 1
57725.5 1.3205 0.0393 1
57726.5 1.3428 0.0379 1
57727.5 1.1618 0.0382 1
57728.5 1.5581 0.0424 1
57729.5 1.4656 0.0414 1
57730.5 1.3468 0.0400 1
57731.5 1.2387 0.0677 1
57732.5 1.5454 0.0355 1
57733.5 1.5398 0.0357 1
57734.5 1.5285 0.0486 1
57735.5 1.4331 0.0355 1
57736.5 1.4405 0.0319 1
57737.5 1.4776 0.0333 1
57738.5 1.3779 0.0296 1
57739.5 1.3943 0.0303 1
57740.5 1.4639 0.0301 1
57741.5 1.3135 0.0281 1
57742.5 1.3231 0.0273 1
57743.5 1.4493 0.0295 1
57744.5 1.4378 0.0287 1
57745.5 1.3960 0.0294 1
57746.5 1.3204 0.0282 1
57747.5 1.2516 0.0338 1
57748.5 1.2368 0.0370 1
57749.5 1.1740 0.0369 1
57750.5 1.3560 0.0384 1
57751.5 1.1602 0.0600 1
57752.5 1.2529 0.0524 1
57753.5 1.2692 0.0450 1
57754.5 1.3691 0.0451 1
57755.5 1.3624 0.0397 1
57756.5 1.2515 0.0414 1
57757.5 1.2139 0.0386 1
57758.5 1.0833 0.0376 1
57759.5 1.3019 0.0409 1
57760.5 1.0844 0.0372 1
57761.5 1.1847 0.0383 1
57762.5 1.1980 0.0399 1
57763.5 1.2702 0.0400 1
57764.5 1.4052 0.0499 1
57784.5 0.7846 0.1227 1
57792.5 1.1449 0.0720 1
57793.5 1.3793 0.0420 1
57794.5 1.1311 0.0390 1
57795.5 1.1110 0.0372 1
57796.5 1.0268 0.0379 1
57797.5 1.0844 0.0354 1
57798.5 1.1841 0.0365 1
57799.5 0.9141 0.0363 1
57800.5 0.9133 0.0344 1
57801.5 0.9420 0.0380 1
57802.5 0.9500 0.0347 1
57803.5 0.9953 0.0638 1
57804.5 1.2359 0.0393 1
57805.5 0.9591 0.0330 1
57806.5 1.0969 0.0316 1
57807.5 1.1652 0.0350 1
57808.5 1.0869 0.0314 1
57809.5 1.1730 0.0291 1
57810.5 1.1291 0.0284 1
57811.5 0.9480 0.0255 1
57812.5 0.9816 0.0256 1
57813.5 1.0310 0.0247 1
57814.5 0.9752 0.0240 1
57815.5 1.0124 0.0258 1
57816.5 0.9128 0.0236 1
57817.5 0.9872 0.0254 1
57818.5 1.1671 0.0262 1
57819.5 1.0919 0.0267 1
57820.5 1.1435 0.0271 1
57821.5 1.0236 0.0284 1
57822.5 1.3446 0.0319 1
57823.5 1.2707 0.0360 1
57824.5 1.3364 0.0348 1
57825.5 1.4624 0.0399 1
57826.5 1.1862 0.0411 1
57827.5 1.3050 0.0420 1
57828.5 1.4536 0.0391 1
57829.5 1.2743 0.0407 1
57830.5 1.4877 0.0420 1
57831.5 1.7231 0.0436 1
57832.5 1.6684 0.0443 1
57833.5 1.9009 0.0459 1
57834.5 1.6557 0.0463 1
57835.5 1.7019 0.0448 1
57836.5 1.8957 0.0508 1
57837.5 1.8857 0.1324 0
57863.5 1.4589 0.0442 1
57864.5 2.1508 0.0545 1
57865.5 2.0359 0.0481 1
57866.5 1.9771 0.0487 1
57867.5 2.2321 0.0514 0
57868.5 2.5498 0.0597 0
57869.5 2.9223 0.0519 0
57870.5 2.8643 0.0547 0
57871.5 2.3908 0.0539 0
57872.5 3.0768 0.0578 0
57873.5 2.5603 0.0605 0
57874.5 2.3458 0.0560 0
57875.5 2.7662 0.2259 0
57876.5 2.3848 0.0463 0
57877.5 2.5455 0.0493 0
57878.5 3.0579 0.0512 0
57879.5 1.8651 0.0431 1
57880.5 1.6593 0.0392 1
57881.5 1.7548 0.0351 1
57882.5 2.1926 0.0409 1
57883.5 2.1173 0.0357 1
57884.5 2.3995 0.0376 0
57885.5 2.2486 0.0351 1
57886.5 2.3880 0.0360 1
57887.5 2.3659 0.0347 1
57888.5 2.3499 0.0364 1
57889.5 2.5929 0.0377 0
57890.5 2.7901 0.0391 0
57891.5 2.5997 0.0366 0
57892.5 2.1312 0.0347 1
57893.5 1.9494 0.0351 1
57894.5 2.2047 0.0378 1
57895.5 1.6562 0.0384 1
57896.5 1.9329 0.0409 1
57897.5 1.8989 0.0425 1
57898.5 2.8372 0.0544 0
57899.5 2.6298 0.0612 0
57900.5 2.6593 0.0564 0
57901.5 2.3189 0.0589 0
57902.5 2.4534 0.0579 1
57903.5 2.7857 0.0609 0
57904.5 2.5187 0.0520 0
57905.5 1.9615 0.0484 1
57906.5 2.3043 0.0505 0
57907.5 2.4989 0.0577 0
57908.5 2.6419 0.0588 1
57909.5 2.4768 0.1204 0
57937.5 2.3637 0.1165 1
57940.5 1.5439 0.1052 1
57941.5 2.2510 0.0488 1
57942.5 2.2183 0.0463 1
57943.5 2.2695 0.0461 1
57944.5 2.7944 0.0544 1
57945.5 2.1904 0.0483 1
57946.5 3.2845 0.0639 0
57947.5 3.2084 0.1020 0
57948.5 3.4173 0.0527 0
57949.5 2.8718 0.0406 0
57950.5 1.9320 0.0439 1
57951.5 2.2495 0.0371 1
57952.5 2.2491 0.0355 0
57953.5 2.8519 0.0361 0
57954.5 3.2309 0.0367 0
57955.5 2.5543 0.0326 0
57956.5 3.4910 0.0350 0
57957.5 2.9294 0.0325 0
57958.5 3.2416 0.0326 0
57959.5 2.8967 0.0319 0
57960.5 2.7510 0.0303 0
57961.5 2.9925 0.0314 0
57962.5 2.6849 0.0323 0
57963.5 2.2694 0.0341 1
57964.5 2.2680 0.0313 1
57965.5 2.6869 0.0339 0
57966.5 3.1485 0.0365 0
57967.5 2.9415 0.0372 0
57968.5 2.8000 0.0369 0
57969.5 2.0939 0.0356 0
57970.5 3.6902 0.0424 0
57971.5 3.6691 0.0625 0
57972.5 2.9653 0.0590 0
57973.5 3.4149 0.0605 0
57974.5 3.3902 0.0609 0
57975.5 2.9681 0.0559 0
57976.5 2.7630 0.0557 0
57977.5 3.6123 0.0607 0
57978.5 2.5107 0.0534 0
57979.5 3.3543 0.0621 0
57980.5 3.1492 0.0606 0
57981.5 3.7985 0.1054 0
58008.5 3.0617 0.0802 0
58009.5 2.8218 0.0405 0
58010.5 3.7133 0.0627 0
58011.5 3.2759 0.0580 0
58012.5 2.9690 0.0539 0
58013.5 2.7633 0.0550 0
58014.5 2.4059 0.0489 0
58015.5 2.6849 0.0549 0
58016.5 3.8855 0.0621 0
58017.5 2.7263 0.0544 0
58018.5 2.7657 0.0589 0
58019.5 2.8301 0.0581 0
58020.5 2.1484 0.0611 0
58021.5 2.5300 0.0376 0
58022.5 1.5802 0.0442 0
58023.5 1.4990 0.0360 0
58024.5 1.8004 0.0337 0
58025.5 1.4592 0.0267 0
58026.5 2.0248 0.0309 0
58027.5 2.0187 0.0290 0
58028.5 1.5030 0.0252 0
58029.5 2.1076 0.0292 0
58030.5 1.6252 0.0247 0
58031.5 1.9454 0.0294 0
58032.5 1.8102 0.0258 0
58033.5 1.9334 0.0273 0
58034.5 3.0496 0.0324 0
58035.5 2.5691 0.0317 0
58036.5 2.0291 0.0291 0
58037.5 2.1145 0.0307 0
58038.5 1.1011 0.0238 0
58039.5 2.2358 0.0330 0
58040.5 2.0242 0.0336 0
58041.5 2.0751 0.0334 0
58042.5 2.3524 0.0404 0
58043.5 1.9653 0.0365 0
58044.5 2.2179 0.0466 0
58045.5 2.9388 0.0573 0
58046.5 1.5927 0.0434 0
58047.5 2.5322 0.0536 0
58048.5 1.8084 0.0456 0
58049.5 2.3349 0.0519 0
58081.5 2.4040 0.0543 0
58082.5 1.9763 0.0527 0
58083.5 2.5680 0.0513 0
58084.5 2.7478 0.0543 0
58085.5 2.3538 0.0499 0
58086.5 2.7024 0.0544 0
58087.5 3.4107 0.0592 0
58088.5 2.9953 0.0553 0
58089.5 3.7745 0.0635 0
58090.5 3.0768 0.0574 0
58091.5 2.1930 0.0499 0
58092.5 1.6359 0.0609 0
58093.5 2.2553 0.0409 0
58094.5 1.8466 0.0333 0
58095.5 2.1134 0.0445 0
58096.5 1.6665 0.0379 0
58097.5 2.1253 0.0336 0
58098.5 2.5663 0.0345 0
58099.5 1.9595 0.0296 0
58100.5 2.2761 0.0315 0
58101.5 2.0809 0.0289 0
58102.5 2.5100 0.0310 0
58103.5 2.3953 0.0285 0
58104.5 1.8223 0.0260 0
58105.5 1.5489 0.0233 0
58106.5 2.1282 0.0273 0
58107.5 2.2070 0.0289 0
58108.5 2.0501 0.0282 0
58109.5 1.7106 0.0306 0
58110.5 1.3112 0.0285 0
58111.5 1.5652 0.0313 0
58112.5 1.6112 0.0454 0
58113.5 3.5756 0.0648 0
58114.5 3.0161 0.0424 0
58115.5 2.8651 0.0474 0
58116.5 2.7772 0.0519 0
58117.5 1.9734 0.0487 1
58118.5 1.7439 0.0448 1
58119.5 1.8931 0.0470 0
58120.5 1.6329 0.0414 0
58121.5 1.5750 0.0431 1
58122.5 1.4692 0.0414 1
58123.5 1.3424 0.0387 1
58124.5 1.3477 0.0417 1
58125.5 1.3912 0.0436 1
58153.5 1.3953 0.0544 1
58154.5 1.7080 0.0447 1
58155.5 1.3912 0.0396 1
58156.5 1.6763 0.0442 1
58157.5 1.8212 0.0445 1
58158.5 1.7519 0.0446 1
58159.5 1.6412 0.0412 1
58160.5 1.6547 0.0438 1
58161.5 1.5875 0.0411 1
58162.5 1.5077 0.0443 1
58163.5 1.3455 0.0401 1
58164.5 1.4233 0.0636 1
58165.5 1.4826 0.0381 1
58166.5 1.4770 0.0370 1
58167.5 1.2377 0.0348 1
58168.5 1.1774 0.0275 1
58169.5 1.2191 0.0285 1
58170.5 1.1551 0.0243 1
58171.5 1.3099 0.0242 1
58172.5 1.2147 0.0239 1
58173.5 1.1897 0.0228 1
58174.5 1.1162 0.0224 1
58175.5 1.1345 0.0213 1
58176.5 1.1815 0.0220 1
58177.5 1.2729 0.0220 1
58178.5 1.2579 0.0226 1
58179.5 1.2437 0.0220 1
58180.5 1.1976 0.0223 1
58181.5 1.4381 0.0240 1
58182.5 1.3180 0.0250 1
58183.5 1.2659 0.0249 1
58184.5 1.5852 0.0275 1
58185.5 1.4041 0.0282 1
58186.5 1.3638 0.0287 1
58187.5 1.3396 0.0360 1
58188.5 1.4521 0.0407 1
58189.5 1.4439 0.0369 1
58190.5 1.4967 0.0409 1
58191.5 1.3928 0.0410 1
58192.5 1.5126 0.0418 1
58193.5 1.6374 0.0434 1
58194.5 1.5489 0.0420 1
58195.5 1.7347 0.0469 1
58196.5 1.5898 0.0430 1
58197.5 1.4641 0.0523 1
58198.5 2.0224 0.0976 1
58200.5 2.5884 0.0465 1
58201.5 2.3426 0.0619 1
58225.5 3.5669 0.0796 0
58226.5 3.1196 0.0602 0
58227.5 3.1212 0.0594 0
58228.5 3.7888 0.0622 0
58229.5 3.6487 0.0606 0
58230.5 3.6180 0.0595 0
58231.5 4.0307 0.0666 0
58232.5 3.3559 0.0606 0
58233.5 3.4425 0.0671 0
58234.5 3.4131 0.0647 0
58235.5 3.7846 0.0675 0
58236.5 1.8431 0.0593 0
58237.5 2.4059 0.0440 0
58238.5 2.5453 0.0401 0
58239.5 1.7756 0.0387 0
58240.5 2.1489 0.0351 0
58241.5 1.5369 0.0297 0
58242.5 2.2581 0.0318 0
58243.5 2.8197 0.0346 0
58244.5 2.5151 0.0320 0
58245.5 2.3278 0.0308 0
58246.5 2.7102 0.0318 0
58247.5 1.8651 0.0270 0
58248.5 3.2069 0.0328 0
58249.5 2.2468 0.0291 0
58250.5 2.6862 0.0305 0
58251.5 2.4380 0.0292 0
58252.5 2.9417 0.0327 0
58253.5 1.9939 0.0280 0
58254.5 1.8243 0.0291 0
58255.5 2.8319 0.0346 0
58256.5 2.3485 0.0352 0
58257.5 2.0835 0.0330 0
58258.5 2.2434 0.0373 0
58259.5 2.0992 0.0363 0
58260.5 3.3799 0.0655 0
58261.5 3.0660 0.0522 0
58262.5 3.3592 0.0628 0
58263.5 4.4406 0.0693 0
58264.5 2.9810 0.0583 0
58265.5 4.8614 0.0694 0
58266.5 3.6569 0.0636 0
58267.5 3.5270 0.0594 0
58268.5 3.6397 0.0615 0
58269.5 3.5920 0.0644 0
58270.5 3.2846 0.1077 0
58301.5 1.8738 0.0988 0
58302.5 2.6562 0.0728 0
58303.5 2.5882 0.0527 0
58304.5 2.5559 0.0516 0
58305.5 3.2595 0.0619 0
58306.5 2.5844 0.0542 0
58307.5 3.5315 0.0669 0
58308.5 2.0065 0.0813 0
58309.5 1.6963 0.0457 0
58310.5 2.0002 0.0379 0
58311.5 1.1791 0.0324 0
58312.5 1.9781 0.0393 0
58313.5 1.4207 0.0294 0
58314.5 1.8052 0.0307 0
58315.5 2.1412 0.0316 0
58316.5 1.5759 0.0269 0
58317.5 2.1582 0.0312 0
58318.5 1.7161 0.0255 0
58319.5 2.0589 0.0278 0
58320.5 1.5477 0.0240 0
58321.5 1.3991 0.0239 0
58322.5 1.6649 0.0253 0
58323.5 1.8795 0.0276 0
58324.5 1.9105 0.0269 0
58325.5 1.6094 0.0266 0
58326.5 1.5354 0.0268 0
58327.5 1.9654 0.0298 0
58328.5 1.4199 0.0956 0
58329.5 2.0655 0.0337 0
58330.5 1.8857 0.0325 0
58331.5 3.2884 0.0407 0
58332.5 2.6030 0.0504 0
58333.5 3.1412 0.0603 0
58334.5 3.0609 0.0527 0
58335.5 2.9389 0.0600 0
58336.5 3.2506 0.0605 0
58337.5 2.2889 0.0505 0
58338.5 2.8691 0.0568 0
58339.5 2.6107 0.0536 0
58340.5 3.0326 0.0589 0
58341.5 2.9406 0.0582 0
58342.5 2.9983 0.0887 0
58369.5 4.8278 0.1648 0
58370.5 4.2858 0.0679 0
58371.5 3.9734 0.0630 0
58372.5 2.9266 0.0569 0
58373.5 3.3005 0.0566 0
58374.5 3.2762 0.0596 0
58375.5 3.8167 0.0586 0
58376.5 3.6993 0.0611 0
58377.5 3.8494 0.0616 0
58378.5 3.8084 0.0649 0
58379.5 4.8690 0.0745 0
58380.5 4.3130 0.0788 0
58381.5 3.1738 0.0822 0
58382.5 3.4982 0.0456 0
58383.5 2.6788 0.0557 0
58384.5 2.9605 0.0458 0
58385.5 2.4239 0.0410 0
58386.5 2.7260 0.0358 0
58387.5 2.3908 0.0335 0
58388.5 2.3093 0.0305 0
58389.5 2.2265 0.0290 1
58390.5 2.4909 0.0317 1
58391.5 1.8249 0.0257 1
58392.5 1.7907 0.0262 1
58393.5 1.5866 0.0258 1
58394.5 1.9843 0.0276 0
58395.5 1.7598 0.0253 0
58396.5 2.0502 0.0280 0
58397.5 2.0198 0.0269 1
58398.5 1.9499 0.0286 1
58399.5 2.2605 0.0304 1
58400.5 1.9521 0.0311 1
58401.5 2.3684 0.0347 1
58402.5 3.2320 0.0617 0
58403.5 3.4955 0.0766 0
58404.5 4.1968 0.0489 0
58405.5 3.3207 0.0618 0
58406.5 3.2977 0.0602 0
58407.5 2.9210 0.0588 0
58408.5 2.3732 0.0506 1
58409.5 2.0004 0.0470 1
58410.5 2.2420 0.0509 1
58411.5 2.3800 0.1098 0
58442.5 3.0848 0.0626 0
58443.5 3.2299 0.0609 0
58444.5 3.4130 0.0575 0
58445.5 3.6071 0.0615 0
58446.5 3.2502 0.0574 0
58447.5 3.2605 0.0586 0
58448.5 3.6096 0.0606 0
58449.5 2.9590 0.0547 0
58450.5 3.6508 0.0623 0
58451.5 3.3172 0.0595 0
58452.5 3.8904 0.0640 0
58453.5 2.4790 0.0866 0
58454.5 2.8859 0.0458 0
58455.5 2.5141 0.0386 0
58456.5 2.3599 0.0464 0
58457.5 2.3256 0.0417 0
58458.5 1.6484 0.0321 0
58459.5 1.7404 0.0285 0
58460.5 2.0853 0.0309 0
58461.5 1.7045 0.0278 0
58462.5 2.1954 0.0288 0
58463.5 2.3063 0.0307 0
58464.5 2.2143 0.0279 0
58465.5 2.4677 0.0303 0
58466.5 2.2290 0.0280 0
58467.5 2.4149 0.0302 0
58468.5 3.1061 0.0325 0
58469.5 2.7936 0.0332 0
58470.5 3.2661 0.0359 0
58471.5 2.6202 0.0375 0
58472.5 2.2559 0.0364 0
58473.5 3.2337 0.0557 0
58474.5 3.4826 0.0774 0
58475.5 2.2250 0.0415 0
58476.5 2.5708 0.0454 0
58477.5 3.3286 0.0573 0
58478.5 3.5941 0.0640 0
58479.5 3.5564 0.0611 0
58480.5 3.0910 0.0459 0
58481.5 2.6337 0.0419 0
58482.5 3.0835 0.0571 0
58483.5 2.6408 0.0516 0
58484.5 2.3609 0.0493 0
58485.5 2.0005 0.0458 1
58486.5 1.7511 0.0457 1
58487.5 1.9667 0.1312 1
58514.5 1.3380 0.1171 1
58515.5 1.5601 0.0431 1
58516.5 1.4688 0.0418 1
58517.5 1.3848 0.0394 1
58518.5 1.4634 0.0398 1
58519.5 1.5541 0.0401 1
58520.5 1.5988 0.0421 1
58521.5 1.5329 0.0404 1
58522.5 1.3361 0.0428 1
58523.5 1.5191 0.0430 1
58524.5 1.3525 0.0404 1
58525.5 1.2578 0.0423 1
58526.5 1.3836 0.0430 1
58527.5 1.2875 0.0334 1
58528.5 1.2737 0.0363 1
58529.5 1.2652 0.0306 1
58530.5 1.1959 0.0248 1
58531.5 1.1821 0.0249 1
58532.5 1.1116 0.0220 1
58533.5 1.0888 0.0222 1
58534.5 1.2040 0.0222 1
58535.5 1.1089 0.0215 1
58536.5 1.1762 0.0207 1
58537.5 1.1958 0.0209 1
58538.5 1.1948 0.0216 1
58539.5 1.2555 0.0214 1
58540.5 1.1403 0.0214 1
58541.5 1.1228 0.0205 1
58542.5 1.1780 0.0225 1
58543.5 1.1522 0.0224 1
58544.5 1.0862 0.0238 1
58545.5 1.0018 0.0236 1
58546.5 1.0444 0.0264 1
58547.5 1.2154 0.0270 1
58548.5 1.0775 0.0320 1
58549.5 1.2026 0.0374 1
58550.5 1.2862 0.0392 1
58551.5 1.3218 0.0372 1
58552.5 1.4569 0.0413 1
58553.5 1.5798 0.0409 1
58554.5 1.5419 0.0413 1
58555.5 1.3295 0.0379 1
58556.5 1.4454 0.0341 1
58557.5 1.5322 0.0318 1
58558.5 1.6619 0.0458 1
58559.5 1.4512 0.0609 1
58577.5 0.8211 0.2024 1
58586.5 3.3577 0.0926 0
58587.5 3.5295 0.0635 0
58588.5 3.2930 0.0578 0
58589.5 3.2744 0.0585 0
58590.5 3.4795 0.0605 0
58591.5 3.6554 0.0586 0
58592.5 3.3569 0.0519 0
58593.5 3.3483 0.0502 0
58594.5 2.9047 0.0478 0
58595.5 2.2935 0.0442 0
58596.5 2.2239 0.0495 0
58597.5 2.0018 0.0501 0
58598.5 1.9422 0.0432 0
58599.5 3.2896 0.0355 0
58600.5 2.5546 0.0306 0
58601.5 2.6923 0.0295 0
58602.5 2.1198 0.0268 0
58603.5 2.6493 0.0349 0
58604.5 2.3295 0.0321 0
58605.5 2.0301 0.0301 0
58606.5 1.8215 0.0284 0
58607.5 2.1862 0.0306 0
58608.5 1.9968 0.0277 0
58609.5 1.9443 0.0282 0
58610.5 1.6502 0.0248 0
58611.5 2.1132 0.0283 0
58612.5 2.3654 0.0287 0
58613.5 2.5238 0.0307 0
58614.5 1.7302 0.0255 0
58615.5 2.1863 0.0291 0
58616.5 2.6761 0.0309 0
58617.5 1.7854 0.0275 0
58618.5 2.4037 0.0272 0
58619.5 2.0255 0.0281 0
58620.5 2.1910 0.0328 0
58621.5 2.4869 0.0513 0
58622.5 2.6807 0.0373 0
58623.5 2.7877 0.0368 0
58624.5 2.9902 0.0413 0
58625.5 3.0820 0.0453 0
58626.5 3.1921 0.0523 0
58627.5 2.9305 0.0530 0
58628.5 3.1206 0.0545 0
58629.5 2.9340 0.0557 0
58630.5 2.7181 0.0541 0
58631.5 3.2047 0.0725 0
58659.5 2.4724 0.0904 1
58660.5 1.6692 0.1336 1
58661.5 1.6363 0.0995 1
58662.5 1.5536 0.0913 1
58663.5 2.0505 0.1071 1
58664.5 1.9903 0.0521 1
58665.5 1.9347 0.0367 1
58666.5 1.8929 0.0367 1
58667.5 2.3467 0.0395 1
58668.5 2.0433 0.0389 1
58669.5 2.4605 0.0536 1
58670.5 2.1607 0.0469 1
58671.5 1.7871 0.0301 1
58672.5 1.6663 0.0254 1
58673.5 1.5323 0.0236 1
58674.5 1.6034 0.0234 1
58675.5 1.4849 0.0223 1
58676.5 1.5362 0.0270 1
58677.5 1.4763 0.0306 1
58678.5 1.3312 0.0283 1
58679.5 1.2260 0.0264 1
58680.5 1.2093 0.0273 1
58681.5 1.1966 0.0261 1
58682.5 1.1558 0.0265 1
58683.5 1.1520 0.0264 1
58684.5 1.1328 0.0276 1
58685.5 1.0956 0.0252 1
58686.5 1.2627 0.0233 1
58687.5 1.1655 0.0225 1
58688.5 1.1733 0.0218 1
58689.5 1.1027 0.0229 1
58690.5 0.9923 0.0217 1
58691.5 1.2719 0.0217 1
58692.5 1.3812 0.0276 1
58693.5 1.2823 0.0258 1
58694.5 1.2661 0.0419 1
58695.5 1.2268 0.0233 1
58696.5 1.1578 0.0259 1
58697.5 1.2612 0.0461 1
58698.5 1.4333 0.0561 1
58699.5 1.6841 0.0608 1
58700.5 1.5511 0.0411 1
58701.5 1.5848 0.0417 1
58702.5 1.4855 0.0447 1
58703.5 1.9188 0.0497 1
58704.5 2.2795 0.1233 0
58721.5 3.8830 0.0408 0
58722.5 2.8020 0.0907 0
58731.5 2.5223 0.0854 1
58732.5 2.9166 0.0534 0
58733.5 3.6390 0.0576 0
58734.5 2.8757 0.0481 0
58735.5 1.9383 0.0413 1
58736.5 2.0545 0.0396 1
58737.5 2.7517 0.0442 0
58738.5 2.5057 0.0422 0
58739.5 2.8140 0.0441 0
58740.5 3.5950 0.0492 0
58741.5 2.5334 0.0456 0
58742.5 2.3412 0.0453 0
58743.5 2.2423 0.0503 0
58744.5 3.1205 0.0367 0
58745.5 2.6244 0.0303 0
58746.5 3.0719 0.0310 0
58747.5 2.1430 0.0264 0
58748.5 2.1592 0.0316 0
58749.5 2.6987 0.0354 0
58750.5 2.7273 0.0332 0
58751.5 1.9374 0.0301 0
58752.5 2.3977 0.0324 0
58753.5 2.9176 0.0336 0
58754.5 2.7015 0.0307 0
58755.5 2.6158 0.0312 0
58756.5 2.9631 0.0320 0
58757.5 2.4345 0.0303 1
58758.5 2.5126 0.0298 0
58759.5 2.0831 0.0287 0
58760.5 2.1375 0.0275 1
58761.5 1.8594 0.0278 1
58762.5 1.7949 0.0242 1
58763.5 1.7394 0.0243 1
58764.5 1.6052 0.0241 1
58765.5 1.7365 0.0326 1
58766.5 1.8861 0.0277 1
58767.5 1.9243 0.0374 1
58768.5 1.7068 0.0328 1
58769.5 1.9334 0.0326 1
58770.5 2.0564 0.0404 1
58771.5 1.8748 0.0418 0
58772.5 2.2024 0.0456 1
58773.5 3.2956 0.0917 0
58803.5 1.8705 0.1203 0
58804.5 2.2407 0.0589 0
58805.5 2.0686 0.0435 0
58806.5 2.4344 0.0456 0
58807.5 2.1930 0.0446 0
58808.5 2.2410 0.0420 0
58809.5 2.0921 0.0771 0
58810.5 2.7740 0.0494 0
58811.5 2.6830 0.0428 0
58812.5 2.7138 0.0438 0
58813.5 3.3794 0.0532 0
58814.5 3.0248 0.0459 0
58815.5 2.1138 0.0412 0
58816.5 2.3092 0.0416 0
58817.5 2.4774 0.0297 0
58818.5 3.0432 0.0304 0
58819.5 2.3659 0.0280 0
58820.5 2.0136 0.0303 0
58821.5 1.8649 0.0301 0
58822.5 1.9184 0.0284 0
58823.5 2.5431 0.0328 0
58824.5 2.0838 0.0281 0
58825.5 1.7756 0.0278 0
58826.5 2.0481 0.0355 0
58827.5 1.8681 0.0418 0
58828.5 2.6114 0.0296 0
58829.5 2.0392 0.0275 0
58830.5 1.4007 0.0228 0
58831.5 1.6743 0.0254 0
58832.5 2.1409 0.0277 0
58833.5 2.0510 0.0283 0
58834.5 2.1449 0.0311 0
58835.5 2.0863 0.0316 0
58836.5 2.8038 0.0470 0
58837.5 1.9122 0.0344 0
58838.5 2.0343 0.0517 0
58839.5 3.4922 0.0492 0
58840.5 2.5549 0.0366 0
58841.5 1.6891 0.0287 0
58842.5 2.1282 0.0323 0
58843.5 2.6767 0.0429 0
58844.5 3.2357 0.0542 0
58845.5 3.2474 0.0582 0
58846.5 3.6756 0.0590 0
58847.5 3.3936 0.0389 0
58848.5 2.9266 0.0428 0
58849.5 3.3948 0.0722 0
58876.5 1.3795 0.0951 0
58877.5 2.1896 0.1048 0
58878.5 2.6859 0.0485 0
58879.5 2.3052 0.0454 0
58880.5 2.5545 0.0436 0
58881.5 2.8960 0.0466 0
58882.5 3.2357 0.0466 0
58883.5 2.4313 0.0404 0
58884.5 2.4989 0.0415 0
58885.5 2.2726 0.0402 0
58886.5 3.5366 0.0561 0
58887.5 3.3256 0.0484 0
58888.5 1.8937 0.0459 0
58889.5 2.0534 0.0366 0
58890.5 2.9040 0.0364 0
58891.5 1.8863 0.0305 0
58892.5 1.6270 0.0290 0
58893.5 2.2155 0.0292 0
58894.5 1.9569 0.0309 0
58895.5 2.2110 0.0323 0
58896.5 1.8331 0.0389 0
58897.5 2.0890 0.0296 0
58898.5 2.6647 0.0307 0
58899.5 1.4238 0.0242 0
58900.5 1.8505 0.0255 0
58901.5 1.9386 0.0268 0
58902.5 1.7688 0.0249 0
58903.5 2.5715 0.0304 0
58904.5 1.9541 0.0262 0
58905.5 2.7966 0.0318 0
58906.5 2.6505 0.0303 0
58907.5 2.6624 0.0321 0
58908.5 2.0389 0.0272 0
58909.5 2.8723 0.0297 0
58910.5 2.6769 0.0313 0
58911.5 2.3854 0.0380 0
58912.5 2.8295 0.0493 0
58913.5 2.8533 0.0381 0
58914.5 2.4877 0.0333 0
58915.5 3.0267 0.0387 0
58916.5 2.6214 0.0401 0
58917.5 2.4982 0.0481 0
58918.5 2.3183 0.0443 0
58919.5 2.4352 0.0581 0
58920.5 2.7772 0.0524 0
58921.5 3.1329 0.0589 0
58922.5 2.9131 0.0789 0
58948.5 3.3502 0.0653 0
58949.5 3.1416 0.0891 0
58950.5 2.5979 0.0488 0
58951.5 2.7069 0.0485 0
58952.5 3.1045 0.0511 0
58953.5 3.4309 0.0567 0
58954.5 3.1235 0.0520 0
58955.5 2.3992 0.0469 0
58956.5 2.9411 0.0495 0
58957.5 3.0831 0.0492 0
58958.5 2.6176 0.0381 0
58959.5 2.8659 0.0543 0
58960.5 2.5790 0.0484 0
58961.5 2.4117 0.0461 0
58962.5 1.8835 0.0282 0
58963.5 2.1088 0.0291 0
58964.5 1.4579 0.0246 0
58965.5 1.9177 0.0274 0
58966.5 1.8313 0.0300 0
58967.5 1.8869 0.0288 0
58968.5 1.7180 0.0276 0
58969.5 1.9660 0.0284 0
58970.5 1.4022 0.0250 0
58971.5 1.8993 0.0283 0
58972.5 2.1576 0.0276 0
58973.5 1.1211 0.0214 0
58974.5 1.3925 0.0226 0
58975.5 1.7550 0.0257 0
58976.5 1.9468 0.0270 0
58977.5 1.8434 0.0266 0
58978.5 1.7427 0.0252 0
58979.5 2.1935 0.0289 0
58980.5 2.2071 0.0286 0
58981.5 1.9686 0.0284 0
58982.5 2.8406 0.0314 0
58983.5 1.8071 0.0290 0
58984.5 1.8061 0.0274 0
58985.5 2.0023 0.0391 0
58986.5 2.1322 0.0328 0
58987.5 2.6055 0.0442 0
58988.5 2.2351 0.0393 0
58989.5 2.4863 0.0472 0
58990.5 2.4653 0.0459 0
58991.5 2.4461 0.0485 0
58992.5 2.1517 0.0454 0
58993.5 2.8940 0.0555 0
58994.5 2.6943 0.0535 0
59022.5 2.7233 0.0814 0
59023.5 2.5071 0.1501 0
59028.5 2.3687 0.0486 0
59029.5 3.4888 0.0548 0
59030.5 2.9193 0.0505 0
59031.5 2.4571 0.0449 0
59032.5 2.7880 0.0548 0
59033.5 2.1599 0.0448 0
59034.5 2.1358 0.0351 0
59035.5 2.4730 0.0294 0
59036.5 2.2565 0.0283 0
59037.5 2.3476 0.0313 0
59038.5 2.3273 0.0329 0
59039.5 2.6866 0.0349 0
59040.5 2.4035 0.0320 0
59041.5 2.8415 0.0343 0
59042.5 2.0970 0.0302 0
59043.5 1.7441 0.0253 0
59044.5 2.5189 0.0303 0
59045.5 2.1270 0.0279 0
59046.5 1.9224 0.0271 0
59047.5 2.3510 0.0295 0
59048.5 2.7163 0.0317 0
59049.5 2.2019 0.0284 0
59050.5 1.9179 0.0276 0
59051.5 1.9986 0.0278 0
59052.5 1.8705 0.0279 0
59053.5 1.6546 0.0308 0
59054.5 2.1353 0.0273 0
59055.5 2.0960 0.0305 0
59056.5 1.6965 0.0301 0
59057.5 1.9839 0.0368 0
59058.5 3.1209 0.0455 0
59059.5 2.7269 0.0549 0
59060.5 2.5326 0.0421 0
59061.5 3.0429 0.0557 0
59062.5 2.8934 0.0497 0
59063.5 3.7619 0.0586 0
59064.5 2.9155 0.0517 0
59066.5 2.6573 0.0541 0
59067.5 2.7547 0.0651 0
59095.5 3.3005 0.0714 0
59096.5 3.0961 0.0574 0
59097.5 3.3802 0.0568 0
59098.5 3.3967 0.0571 0
59099.5 3.0461 0.0519 0
59100.5 3.3026 0.0545 0
59101.5 3.3196 0.0524 0
59102.5 3.5507 0.0562 0
59103.5 2.8385 0.0492 0
59104.5 2.8301 0.0502 0
59105.5 2.5975 0.0470 0
59106.5 1.9457 0.0496 0
59107.5 1.9888 0.0372 0
59108.5 2.2076 0.0289 0
59109.5 1.8734 0.0259 0
59110.5 1.6460 0.0267 0
59111.5 1.9199 0.0285 0
59112.5 1.3744 0.0251 0
59113.5 1.5415 0.0277 0
59114.5 1.8841 0.0290 0
59115.5 1.9222 0.0277 0
59116.5 1.7155 0.0263 0
59117.5 1.8575 0.0260 0
59118.5 2.1745 0.0285 0
59119.5 2.1220 0.0270 0
59120.5 2.5784 0.0307 0
59121.5 2.1737 0.0276 0
59122.5 2.1739 0.0288 0
59123.5 2.8318 0.0309 0
59124.5 2.7631 0.0319 0
59125.5 2.2603 0.0301 0
59126.5 2.1193 0.0310 0
59127.5 3.0323 0.0336 0
59128.5 1.9977 0.0307 0
59129.5 3.0141 0.0440 0
59130.5 2.5530 0.0438 0
59131.5 2.5358 0.0397 0
59132.5 2.3987 0.0356 0
59133.5 2.2898 0.0395 0
59134.5 2.4571 0.0438 0
59135.5 2.8768 0.0499 0
59136.5 2.4535 0.0491 0
59137.5 2.2516 0.1311 0
59168.5 3.7769 0.0688 0
59169.5 3.6836 0.0641 0
59170.5 3.2757 0.0567 0
59171.5 3.0514 0.0550 0
59172.5 2.7050 0.0514 0
59173.5 2.7140 0.0490 0
59174.5 2.2237 0.0460 0
59175.5 2.4960 0.0490 0
59176.5 3.7642 0.2202 0
59177.5 2.2566 0.0466 0
59178.5 2.0293 0.0369 0
59179.5 1.8532 0.0512 0
59180.5 1.8840 0.0346 0
59181.5 1.7403 0.0272 0
59182.5 1.1709 0.0228 0
59183.5 1.6210 0.0261 0
59184.5 1.8205 0.0278 0
59185.5 1.8794 0.0306 0
59186.5 1.6001 0.0266 0
59187.5 2.0685 0.0412 0
59188.5 1.8299 0.0315 0
59189.5 1.1673 0.0236 0
59190.5 1.3957 0.0231 0
59191.5 1.8911 0.0271 0
59192.5 1.2714 0.0223 0
59193.5 1.7554 0.0268 0
59194.5 1.8547 0.0260 0
59195.5 1.4028 0.0241 0
59196.5 1.5702 0.0248 0
59197.5 1.5562 0.0258 0
59198.5 1.5093 0.0262 0
59199.5 1.9054 0.0377 0
59200.5 1.6844 0.0676 0
59201.5 1.0717 0.0275 0
59202.5 1.2074 0.0314 0
59203.5 1.6083 0.0382 0
59204.5 1.2924 0.0266 0
59205.5 2.1458 0.0318 0
59206.5 1.5506 0.0336 0
59207.5 1.5033 0.0361 0
59208.5 2.1649 0.0478 0
59209.5 1.7419 0.0410 0
59210.5 1.9559 0.0461 0
59211.5 2.2967 0.0488 0
59212.5 1.5166 0.0446 0
59213.5 1.9193 0.0724 0
59241.5 2.2093 0.0767 0
59242.5 2.5984 0.0522 0
59243.5 2.1687 0.0490 0
59244.5 2.5116 0.0485 0
59245.5 2.9706 0.0530 0
59246.5 2.3601 0.0457 0
59247.5 3.2174 0.0534 0
59248.5 3.2926 0.0574 0
59249.5 3.4328 0.0583 0
59250.5 2.5346 0.0491 0
59251.5 2.9374 0.0477 0
59252.5 2.4715 0.0505 0
59253.5 2.0276 0.0340 0
59254.5 2.5812 0.0354 0
59255.5 1.9671 0.0302 0
59256.5 1.9271 0.0333 0
59257.5 2.1629 0.0352 0
59258.5 2.1498 0.0312 0
59259.5 1.9021 0.0314 0
59260.5 1.8458 0.0287 0
59261.5 1.8725 0.0290 0
59262.5 1.7649 0.0275 0
59263.5 1.7896 0.0271 0
59264.5 1.7544 0.0253 0
59265.5 1.5274 0.0256 0
59266.5 1.5217 0.0239 0
59267.5 1.8129 0.0265 0
59268.5 1.4919 0.0239 0
59269.5 1.0881 0.0219 0
59270.5 2.2001 0.0285 0
59271.5 1.5841 0.0261 0
59272.5 1.5524 0.0258 0
59273.5 1.8186 0.0326 0
59274.5 2.0535 0.0292 0
59275.5 1.9842 0.0375 0
59276.5 2.4073 0.0432 0
59277.5 2.2690 0.0345 0
59278.5 2.4483 0.0382 0
59279.5 2.4235 0.0414 0
59280.5 2.2184 0.0440 0
59281.5 3.0196 0.0546 0
59282.5 3.8375 0.0605 0
59283.5 3.4121 0.0569 0
59284.5 2.2018 0.0498 0
59285.5 2.5518 0.0525 0
59286.5 2.5467 0.1055 0
59292.5 2.7181 0.0437 0
59293.5 1.9775 0.0826 0
59313.5 3.9939 0.1080 0
59314.5 3.4842 0.0612 0
59315.5 3.1887 0.0591 0
59316.5 3.7787 0.0594 0
59317.5 3.8375 0.0612 0
59318.5 3.5796 0.0562 0
59319.5 2.8864 0.0515 0
59320.5 3.6853 0.0549 0
59321.5 2.6243 0.0483 0
59322.5 2.8233 0.0517 0
59323.5 2.5657 0.0500 0
59324.5 2.8004 0.0663 0
59325.5 1.9575 0.0394 0
59326.5 1.8841 0.0298 0
59327.5 1.7251 0.0273 0
59328.5 1.4979 0.0237 0
59329.5 1.5204 0.0251 0
59330.5 1.2119 0.0249 0
59331.5 1.8211 0.0300 0
59332.5 1.8420 0.0288 0
59333.5 1.9791 0.0296 0
59334.5 2.2167 0.0294 0
59335.5 2.8600 0.0338 0
59336.5 2.2754 0.0287 0
59337.5 1.9592 0.0275 0
59338.5 1.9495 0.0265 0
59339.5 2.3245 0.0297 0
59340.5 1.6829 0.0250 0
59341.5 1.9225 0.0273 0
59342.5 2.9095 0.0321 0
59343.5 2.8827 0.0330 0
59344.5 2.7299 0.0320 0
59345.5 2.7991 0.0327 0
59346.5 2.4926 0.0315 0
59347.5 2.5273 0.0336 0
59348.5 2.6830 0.0349 0
59349.5 2.0228 0.0452 0
59350.5 2.0643 0.0318 0
59351.5 2.6033 0.0404 0
59352.5 2.1940 0.0397 0
59353.5 2.7729 0.0489 0
59354.5 2.7234 0.0511 0
59355.5 3.1901 0.0546 0
59356.5 3.0968 0.0578 0
59357.5 3.4449 0.0595 0
59358.5 3.0191 0.0624 0
59386.5 4.0472 0.0798 0
59387.5 2.8191 0.2238 0
59389.5 2.6940 0.1295 0
59390.5 4.0371 0.0663 0
59391.5 3.5667 0.0895 0
59392.5 3.5978 0.0547 0
59393.5 3.2377 0.0534 0
59394.5 3.3121 0.0527 0
59395.5 2.5185 0.0491 0
59396.5 2.1854 0.0404 1
59397.5 2.1248 0.0392 1
59398.5 3.4799 0.0454 0
59399.5 3.9008 0.0391 0
59400.5 2.4207 0.0298 0
59401.5 2.6753 0.0321 0
59402.5 2.7098 0.0344 0
59403.5 2.5937 0.0348 0
59404.5 2.2546 0.0321 0
59405.5 2.8857 0.0387 0
59406.5 2.8221 0.0432 0
59407.5 2.8566 0.0380 0
59408.5 2.7644 0.0390 0
59409.5 2.4382 0.0356 0
59410.5 2.4776 0.0383 0
59411.5 2.9153 0.0393 0
59412.5 2.5942 0.0402 0
59413.5 2.5409 0.0373 0
59414.5 3.4445 0.0352 0
59415.5 2.9950 0.0335 0
59416.5 3.0963 0.0328 0
59417.5 3.0824 0.0336 0
59418.5 2.8838 0.0467 0
59419.5 3.2271 0.0607 0
59420.5 2.8007 0.0505 0
59421.5 3.0232 0.0385 0
59422.5 3.0460 0.0364 0
59423.5 2.3809 0.0319 1
59424.5 2.1970 0.0317 1
59425.5 2.3839 0.0392 0
59426.5 3.0687 0.0483 0
59427.5 3.2251 0.0524 0
59428.5 3.3512 0.0600 0
59429.5 2.8690 0.0536 0
59430.5 2.4227 0.0536 0
59431.5 3.6359 0.0803 0
59459.5 1.6312 0.0520 1
59460.5 1.4776 0.0439 1
59461.5 1.6230 0.0427 1
59462.5 1.4358 0.0404 1
59463.5 1.5201 0.0389 1
59464.5 1.5366 0.0397 1
59465.5 1.7110 0.0393 1
59466.5 1.5918 0.0391 1
59467.5 1.5815 0.0380 1
59468.5 1.6338 0.0400 1
59469.5 1.4644 0.0375 1
59470.5 1.3806 0.0554 1
59471.5 1.7180 0.0317 1
59472.5 1.5975 0.0289 1
59473.5 1.3786 0.0258 1
59474.5 1.6516 0.0243 1
59475.5 2.0296 0.0302 1
59476.5 2.2957 0.0311 1
59477.5 1.7301 0.0288 1
59478.5 1.4075 0.0267 1
59479.5 1.3707 0.0242 1
59480.5 1.1821 0.0231 1
59481.5 1.4790 0.0262 1
59482.5 1.4618 0.0265 1
59483.5 1.6408 0.0292 1
59484.5 1.2720 0.0260 1
59485.5 1.1400 0.0279 1
59486.5 1.1621 0.0222 1
59487.5 1.1468 0.0211 1
59488.5 1.1521 0.0218 1
59489.5 1.0661 0.0207 1
59490.5 1.1754 0.0225 1
59491.5 1.1811 0.0225 1
59492.5 1.2389 0.0248 1
59493.5 1.3218 0.0271 1
59494.5 1.3885 0.0371 1
59495.5 1.2989 0.0274 1
59496.5 1.2069 0.0255 1
59497.5 1.1334 0.0241 1
59498.5 1.2090 0.0258 1
59499.5 1.3719 0.0283 1
59500.5 1.2309 0.0356 1
59501.5 1.7105 0.0752 1
59502.5 1.8855 0.0650 1
59504.5 1.5526 0.1020 1
59532.5 1.7481 0.0497 1
59533.5 1.4631 0.0420 1
59534.5 1.3987 0.0404 1
59535.5 1.2723 0.0464 1
59536.5 1.1569 0.0358 1
59537.5 1.3142 0.0354 1
59538.5 1.2155 0.0352 1
59539.5 1.3625 0.0351 1
59540.5 1.4362 0.0385 1
59541.5 1.3016 0.0355 1
59542.5 1.1461 0.0320 1
59543.5 1.1077 0.0402 1
59544.5 0.9937 0.0369 1
59545.5 1.1370 0.0259 1
59546.5 1.1683 0.0236 1
59547.5 1.1734 0.0217 1
59548.5 1.1256 0.0229 1
59549.5 1.2036 0.0234 1
59550.5 1.1364 0.0352 1
59551.5 1.1699 0.0229 1
59552.5 1.2153 0.0243 1
59553.5 1.4928 0.0245 1
59554.5 1.5365 0.0427 1
59555.5 1.4897 0.0237 1
59556.5 1.4434 0.0281 1
59557.5 1.2451 0.0228 1
59558.5 1.3466 0.0234 1
59559.5 1.3970 0.0229 1
59560.5 1.6889 0.0261 1
59561.5 1.4224 0.0239 1
59562.5 1.6217 0.0266 1
59563.5 1.4788 0.0313 1
59564.5 1.1964 0.0305 1
59565.5 1.5287 0.0281 1
59566.5 1.6619 0.0324 1
59567.5 1.8862 0.0429 1
59568.5 1.5966 0.0281 1
59569.5 1.2792 0.0245 1
59570.5 1.2568 0.0257 1
59571.5 1.4869 0.0277 1
59572.5 1.2337 0.0271 1
59573.5 1.5684 0.0425 1
59574.5 1.6159 0.0412 1
59575.5 1.4596 0.0422 1
59576.5 1.5167 0.0434 1
59577.5 1.7736 0.0698 1
59606.5 1.8084 0.0484 1
59607.5 1.5123 0.0401 1
59608.5 1.3749 0.0394 1
59609.5 1.4006 0.0372 1
59610.5 1.6346 0.0399 1
59611.5 1.4897 0.0367 1
59612.5 1.5188 0.0382 1
59613.5 1.4383 0.0367 1
59614.5 1.2918 0.0375 1
59615.5 1.3525 0.0392 1
59616.5 1.2136 0.0378 1
59617.5 1.3077 0.0262 1
59618.5 1.2219 0.0264 1
59619.5 1.0800 0.0255 1
59620.5 1.1686 0.0263 1
59621.5 1.2849 0.0268 1
59622.5 1.1638 0.0232 1
59623.5 1.1784 0.0250 1
59624.5 1.1173 0.0232 1
59625.5 1.0205 0.0223 1
59626.5 1.1084 0.0224 1
59627.5 1.1214 0.0232 1
59628.5 1.1460 0.0213 1
59629.5 1.2704 0.0228 1
59630.5 1.1848 0.0215 1
59631.5 0.9805 0.0208 1
59632.5 1.0915 0.0208 1
59633.5 1.0320 0.0214 1
59634.5 1.0779 0.0214 1
59635.5 1.1375 0.0225 1
59636.5 1.0832 0.0307 1
59638.5 1.2392 0.0251 1
59639.5 1.1673 0.0324 1
59640.5 1.2626 0.0305 1
59641.5 1.2874 0.0261 1
59642.5 1.2411 0.0261 1
59643.5 1.3175 0.0310 1
59644.5 1.2901 0.0343 1
59645.5 1.4801 0.0420 1
59646.5 1.4038 0.0391 1
59647.5 1.3171 0.0379 1
59648.5 1.3047 0.0406 1
59649.5 1.2198 0.0414 1
59650.5 1.2581 0.1156 1
59656.5 1.3838 0.0358 1
59657.5 1.4480 0.0471 1
59677.5 1.1261 0.0514 1
59678.5 1.1663 0.0377 1
59679.5 1.1706 0.0360 1
59680.5 1.1986 0.0366 1
59681.5 1.2196 0.0346 1
59682.5 1.3431 0.0367 1
59683.5 1.3626 0.0352 1
59684.5 1.4397 0.0364 1
59685.5 1.4066 0.0344 1
59686.5 1.3178 0.0348 1
59687.5 1.2010 0.0349 1
59688.5 1.1028 0.0527 1
59689.5 1.2210 0.0312 1
59690.5 1.2731 0.0264 1
59691.5 1.1608 0.0233 1
59692.5 1.2130 0.0224 1
59693.5 1.2485 0.0208 1
59694.5 1.3316 0.0255 1
59695.5 1.4629 0.0260 1
59696.5 1.4087 0.0266 1
59697.5 1.3177 0.0244 1
59698.5 1.3875 0.0249 1
59699.5 1.3860 0.0236 1
59700.5 1.3844 0.0239 1
59701.5 1.3706 0.0227 1
59702.5 1.3115 0.0227 1
59703.5 1.3065 0.0219 1
59704.5 1.2090 0.0220 1
59705.5 1.2991 0.0220 1
59706.5 1.3152 0.0230 1
59707.5 1.3644 0.0226 1
59708.5 1.3030 0.0234 1
59709.5 1.3714 0.0232 1
59710.5 1.4010 0.0253 1
59711.5 1.3773 0.0260 1
59712.5 1.3588 0.0274 1
59713.5 1.7003 0.0455 1
59714.5 1.5202 0.0283 1
59715.5 1.3471 0.0261 1
59716.5 1.3746 0.0419 1
59717.5 1.5188 0.0310 1
59718.5 1.4326 0.0720 1
